0.9847319278346618 0.9922778767136676
0.9847319278346618 0.9922778767136676
1.0 0.999228622655891
1.0 0.999228622655891
0.9847319278346618 0.9922778767136676
0.9847319278346618 0.9922778767136675
0.9847319278346618 0.9922778767136675
0.9897433186107871 0.9828194682492104
0.9636241116594315 0.9960141559712028
0.9636241116594315 0.9960141559712028
0.9746794344808964 0.9831353843426087
0.9847319278346618 0.9922778767136675
0.9636241116594315 0.9960141559712028
0.9847319278346618 0.9922778767136676
0.9863939238321437 0.9965793181889274
0.9847319278346618 0.9922778767136675
0.9847319278346618 0.9922778767136676
0.9847319278346618 0.9922778767136676
0.9847319278346618 0.9922778767136675
0.9847319278346618 0.9922778767136679
0.9888264649460883 0.9799830399210826
0.9847319278346618 0.9922778767136675
0.9746794344808964 0.9831353843426087
0.9847319278346618 0.9922778767136676
1.0 0.9991698098474388
0.9636241116594315 0.9960141559712028
0.9746794344808964 0.9831353843426087
0.9847319278346618 0.9922778767136676
0.9847319278346618 0.9922778767136675
0.9847319278346618 0.9922778767136675
0.9746794344808964 0.9831353843426087
0.9847319278346618 0.9922778767136676
0.9847319278346618 0.9922778767136679
0.9682458365518541 0.9871527508650882
0.9888264649460883 0.9868982567550956
0.9847319278346618 0.9922778767136679
0.9847319278346618 0.9922778767136676
0.9847319278346618 0.9922778767136676
0.9863939238321437 0.9965793181889274
0.9847319278346618 0.9922778767136675
0.9847319278346618 0.9922778767136675
0.9847319278346618 0.9922778767136676
1.0 0.9848068988889007
0.9847319278346618 0.9922778767136676
0.9847319278346618 0.9922778767136676
0.9863939238321437 0.9965793181889274
1.0 0.9991698098474388
0.9746794344808964 0.9831353843426087
0.9847319278346618 0.9922778767136679
0.9999999999999999 0.9997264659609698
0.9636241116594315 0.9960141559712028
0.9636241116594315 0.9960141559712028
0.9636241116594315 0.9960141559712028
0.9847319278346618 0.9922778767136675
0.9847319278346618 0.9922778767136675
0.9847319278346618 0.9922778767136676
0.9863939238321437 0.9965793181889274
1.0 0.9848068988889007
0.9847319278346618 0.9922778767136675
0.9847319278346618 0.9922778767136676
1.0 0.999228622655891
0.9746794344808964 0.9831353843426087
0.9863939238321437 0.9965793181889274
0.9847319278346618 0.9922778767136675
0.9847319278346618 0.9922778767136676
0.9847319278346618 0.9922778767136676
0.9847319278346618 0.9922778767136675
0.9636241116594315 0.9960141559712028
1.0 0.9848068988889007
0.9847319278346618 0.9922778767136675
0.9847319278346618 0.9922778767136676
0.9847319278346618 0.9922778767136675
0.960768922830523 1.0
0.9847319278346618 0.9922778767136676
0.9847319278346618 0.9922778767136676
0.9847319278346618 0.9922778767136676
0.9847319278346618 0.9922778767136675
0.9847319278346618 0.9922778767136679
0.9847319278346618 0.9922778767136679
0.9863939238321437 0.9965793181889274
0.9847319278346618 0.9922778767136675
0.9847319278346618 0.9922778767136675
0.9847319278346618 0.9922778767136675
1.0 0.9848068988889007
0.9847319278346618 0.9922778767136676
1.0 0.9992286226558905
0.9636241116594315 0.9960141559712028
0.9636241116594315 0.9960141559712028
0.9897433186107871 0.9765026879844005
0.9847319278346618 0.9922778767136675
0.9863939238321437 0.9965793181889274
0.9847319278346618 0.9922778767136675
0.9847319278346618 0.9922778767136676
0.9847319278346618 0.9922778767136675
0.9863939238321437 0.9965793181889274
0.9847319278346618 0.9922778767136676
0.9847319278346618 0.9922778767136676
0.9636241116594315 0.9960141559712028
0.9847319278346618 0.9922778767136676
0.9847319278346618 0.9922778767136676
0.9847319278346618 0.9922778767136675
0.9847319278346618 0.9922778767136676
0.9847319278346618 0.9922778767136679
0.9847319278346618 0.9922778767136675
0.9847319278346618 0.9922778767136676
0.9636241116594315 0.9960141559712028
0.9847319278346618 0.9922778767136679
0.9607689228305227 0.9914999245151155
0.9847319278346618 0.9922778767136676
0.9682458365518541 0.9871527508650882
0.9847319278346618 0.9922778767136676
0.9847319278346618 0.9922778767136675
0.9847319278346618 0.9922778767136675
0.9847319278346618 0.9922778767136676
0.9847319278346618 0.9922778767136676
0.9847319278346618 0.9922778767136676
0.9847319278346618 0.9922778767136679
0.9847319278346618 0.9922778767136675
0.9863939238321437 0.9965793181889274
0.9847319278346618 0.9922778767136679
0.9746794344808964 0.9831353843426087
0.9847319278346618 0.9922778767136676
0.9847319278346618 0.9922778767136676
0.9847319278346618 0.9922778767136676
0.9746794344808964 0.9831353843426087
0.9847319278346618 0.9922778767136676
0.9847319278346618 0.9922778767136675
0.9847319278346618 0.9922778767136679
0.9863939238321437 0.9965793181889274
0.9428090415820635 1.0
0.9847319278346618 0.9922778767136679
0.9847319278346618 0.9922778767136675
0.9847319278346618 0.9922778767136676
0.9847319278346618 0.9922778767136675
0.9682458365518541 0.9871527508650882
0.9847319278346618 0.9922778767136676
0.9847319278346618 0.9922778767136679
0.9847319278346618 0.9922778767136676
1.0 0.999228622655891
0.9847319278346618 0.9922778767136675
0.9847319278346618 0.9922778767136676
0.9682458365518541 0.9871527508650882
0.9847319278346618 0.9922778767136676
0.9636241116594315 0.9960141559712028
0.9863939238321437 0.9965793181889274
0.9847319278346618 0.9922778767136679
1.0 0.9848068988889007
0.9847319278346618 0.9922778767136675
0.9607689228305227 0.9914999245151153
0.9636241116594315 0.9960141559712028
0.9999999999999999 0.9922778767136676
0.9847319278346618 0.9922778767136676
0.9847319278346618 0.9922778767136676
0.9847319278346618 0.9922778767136675
0.9847319278346618 0.9922778767136679
0.9847319278346618 0.9922778767136676
0.9863939238321437 0.9965793181889274
0.9847319278346618 0.9922778767136676
0.9847319278346618 0.9922778767136676
0.9746794344808964 0.9831353843426087
0.9847319278346618 0.9922778767136676
0.9847319278346618 0.9922778767136679
0.9746794344808964 0.9831353843426087
0.9636241116594315 0.9960141559712028
0.9847319278346618 0.9922778767136675
0.9847319278346618 0.9922778767136675
0.9863939238321437 0.9965793181889274
0.9847319278346618 0.9922778767136676
0.9746794344808964 0.9831353843426087
0.9863939238321437 0.9965793181889274
0.9847319278346618 0.9922778767136675
0.9847319278346618 0.9922778767136675
0.9847319278346618 0.9922778767136675
0.9847319278346618 0.9922778767136676
0.9746794344808964 0.9831353843426087
0.9847319278346618 0.9922778767136676
0.9847319278346618 0.9922778767136675
0.9847319278346618 0.9922778767136675
0.9847319278346618 0.9922778767136676
0.9636241116594315 0.9960141559712028
0.9607689228305227 0.9914999245151153
0.9847319278346618 0.9922778767136676
0.9847319278346618 0.9922778767136675
0.9847319278346618 0.9922778767136676
0.9847319278346618 0.9922778767136676
0.9847319278346618 0.9922778767136675
0.9847319278346618 0.9922778767136676
0.9863939238321437 0.9965793181889274
0.9847319278346618 0.9922778767136676
0.9847319278346618 0.9922778767136675
0.9746794344808964 0.9831353843426087
0.9847319278346618 0.9922778767136676
0.9863939238321437 0.9965793181889274
0.9863939238321437 0.9965793181889274
0.9847319278346618 0.9922778767136676
0.9847319278346618 0.9922778767136675
0.9636241116594315 0.9960141559712028
0.9847319278346618 0.9922778767136676
0.9847319278346618 0.9922778767136676
0.960768922830523 1.0
0.9847319278346618 0.9922778767136675
1.0 0.9848068988889007
0.9863939238321437 0.9965793181889274
0.9847319278346618 0.9922778767136676
0.9847319278346618 0.9922778767136679
0.9847319278346618 0.9922778767136675
0.9636241116594315 0.9960141559712028
1.0 0.9796766683525155
0.9847319278346618 0.9922778767136679
0.9847319278346618 0.9922778767136675
0.9847319278346618 0.9922778767136675
0.9847319278346618 0.9922778767136675
0.9636241116594315 0.9960141559712028
0.9847319278346618 0.9922778767136676
0.9847319278346618 0.9922778767136676
0.9847319278346618 0.9922778767136675
0.9746794344808964 0.9831353843426087
0.9847319278346618 0.9922778767136676
0.9847319278346618 0.9922778767136679
0.9847319278346618 0.9922778767136675
0.9863939238321437 0.9965793181889274
1.0 0.9848068988889007
0.9636241116594315 0.9960141559712028
0.9847319278346618 0.9922778767136676
0.9863939238321437 0.9965793181889274
0.9636241116594315 0.9960141559712028
0.9847319278346618 0.9922778767136676
0.9863939238321437 0.9965793181889274
0.9847319278346618 0.9922778767136676
0.9847319278346618 0.9922778767136676
0.9847319278346618 0.9922778767136676
0.9847319278346618 0.9922778767136679
0.9847319278346618 0.9922778767136676
0.9897433186107871 0.9995985588782952
0.9847319278346618 0.9922778767136676
0.9847319278346618 0.9922778767136676
0.9847319278346618 0.9922778767136679
0.9636241116594315 0.9960141559712028
0.9682458365518541 0.9871527508650882
0.9847319278346618 0.9922778767136676
0.9746794344808964 0.9831353843426087
0.9847319278346618 0.9922778767136675
0.9897433186107871 0.9828194682492104
0.9847319278346618 0.9922778767136676
0.9847319278346618 0.9922778767136679
0.9847319278346618 0.9922778767136676
1.0 0.999228622655891
0.9847319278346618 0.9922778767136676
0.9863939238321437 0.9965793181889274
0.9863939238321437 0.9965793181889274
0.960768922830523 1.0
0.9746794344808964 0.9831353843426087
0.9847319278346618 0.9922778767136676
0.9847319278346618 0.9922778767136675
0.9847319278346618 0.9922778767136679
0.9607689228305227 0.9914999245151155
0.9847319278346618 0.9922778767136675
0.9746794344808964 0.9831353843426087
0.9847319278346618 0.9922778767136675
0.9847319278346618 0.9922778767136675
0.9847319278346618 0.9922778767136675
0.9847319278346618 0.9922778767136679
0.9847319278346618 0.9922778767136675
0.9636241116594315 0.9960141559712028
0.9847319278346618 0.9922778767136675
0.9847319278346618 0.9922778767136676
0.9636241116594315 0.9960141559712028
0.9847319278346618 0.9922778767136676
0.9636241116594315 0.9960141559712028
0.9897433186107871 0.9995985588782952
0.9636241116594315 0.9960141559712028
0.9847319278346618 0.9922778767136675
0.9847319278346618 0.9922778767136675
0.9847319278346618 0.9922778767136676
0.9847319278346618 0.9922778767136675
0.9847319278346618 0.9922778767136676
0.9847319278346618 0.9922778767136676
0.9847319278346618 0.9922778767136679
0.9653072991634227 0.9848726619247377
0.9863939238321437 0.9965793181889274
0.9847319278346618 0.9922778767136676
0.9863939238321437 0.9965793181889274
0.9888264649460883 0.9868982567550956
0.9847319278346618 0.9922778767136675
0.9746794344808964 0.9831353843426087
0.9847319278346618 0.9922778767136679
0.9847319278346618 0.9922778767136675
0.9847319278346618 0.9922778767136676
0.9847319278346618 0.9922778767136676
0.9847319278346618 0.9922778767136679
0.9847319278346618 0.9922778767136675
0.9897433186107871 0.9995985588782952
0.9847319278346618 0.9922778767136676
0.9746794344808964 0.9831353843426087
0.9607689228305227 0.9914999245151155
0.9746794344808964 0.9831353843426087
0.9847319278346618 0.9922778767136675
0.9847319278346618 0.9922778767136676
0.9847319278346618 0.9922778767136675
0.9847319278346618 0.9922778767136679
0.9636241116594315 0.9960141559712028
0.9847319278346618 0.9922778767136676
0.9847319278346618 0.9922778767136676
0.9847319278346618 0.9922778767136676
0.9636241116594315 0.9960141559712028
0.9847319278346618 0.9922778767136675
0.9746794344808964 0.9831353843426087
0.9847319278346618 0.9922778767136676
0.9746794344808964 0.9831353843426087
0.9636241116594315 0.9960141559712028
0.9847319278346618 0.9922778767136676
0.9847319278346618 0.9922778767136676
0.9847319278346618 0.9922778767136675
0.9847319278346618 0.9922778767136676
0.9847319278346618 0.9922778767136676
0.9636241116594315 0.9960141559712028
0.9847319278346618 0.9922778767136676
0.9847319278346618 0.9922778767136675
0.9863939238321437 0.9965793181889274
0.9847319278346618 0.9922778767136676
0.9636241116594315 0.9960141559712028
0.9847319278346618 0.9922778767136675
1.0 0.9848068988889007
0.9847319278346618 0.9922778767136676
0.9847319278346618 0.9922778767136675
0.9847319278346618 0.9922778767136679
0.9847319278346618 0.9922778767136675
0.9746794344808964 0.9831353843426087
0.9636241116594315 0.9960141559712028
0.9863939238321437 0.9965793181889274
0.9847319278346618 0.9922778767136675
0.9847319278346618 0.9922778767136676
0.9847319278346618 0.9922778767136675
0.9847319278346618 0.9922778767136675
0.9607689228305227 0.9914999245151153
0.9888264649460883 0.9868982567550956
0.9746794344808964 0.9831353843426087
0.9746794344808964 0.9831353843426087
0.9607689228305227 0.9914999245151155
0.9847319278346618 0.9922778767136675
0.9847319278346618 0.9922778767136679
0.9847319278346618 0.9922778767136676
0.9428090415820635 1.0
0.9847319278346618 0.9922778767136676
0.9847319278346618 0.9922778767136679
0.9847319278346618 0.9922778767136676
0.9847319278346618 0.9922778767136676
0.9428090415820635 1.0
0.9847319278346618 0.9922778767136676
0.9847319278346618 0.9922778767136675
0.9863939238321437 0.9965793181889274
0.9847319278346618 0.9922778767136679
0.9636241116594315 0.9960141559712028
0.9847319278346618 0.9922778767136676
0.9863939238321437 0.9965793181889274
0.9847319278346618 0.9922778767136675
0.9863939238321437 0.9965793181889274
0.9847319278346618 0.9922778767136675
0.9847319278346618 0.9922778767136675
0.9863939238321437 0.9965793181889274
0.9847319278346618 0.9922778767136675
0.9847319278346618 0.9922778767136676
0.9847319278346618 0.9922778767136676
0.9888264649460883 0.9868982567550956
0.9607689228305227 0.9914999245151155
0.9847319278346618 0.9922778767136676
0.9847319278346618 0.9922778767136676
0.9847319278346618 0.9922778767136675
0.9847319278346618 0.9922778767136675
0.9847319278346618 0.9922778767136675
0.9863939238321437 0.9965793181889274
0.9847319278346618 0.9922778767136675
0.9847319278346618 0.9922778767136679
1.0 0.9848068988889007
0.9636241116594315 0.9960141559712028
0.9847319278346618 0.9922778767136675
0.9847319278346618 0.9922778767136675
0.9847319278346618 0.9922778767136679
0.960768922830523 1.0
0.960768922830523 1.0
0.9847319278346618 0.9922778767136675
0.9847319278346618 0.9922778767136676
0.9847319278346618 0.9922778767136676
0.9847319278346618 0.9922778767136675
0.9746794344808964 0.9831353843426087
0.9847319278346618 0.9922778767136679
0.9746794344808964 0.9831353843426087
0.9746794344808964 0.9831353843426087
0.9636241116594315 0.9960141559712028
0.9847319278346618 0.9922778767136675
0.9847319278346618 0.9922778767136675
0.9847319278346618 0.9922778767136675
0.9863939238321437 0.9965793181889274
0.9847319278346618 0.9922778767136676
0.9847319278346618 0.9922778767136675
0.9847319278346618 0.9922778767136675
0.9847319278346618 0.9922778767136675
0.9746794344808964 0.9831353843426087
0.9847319278346618 0.9922778767136676
0.9847319278346618 0.9922778767136675
0.9636241116594315 0.9960141559712028
0.9847319278346618 0.9922778767136675
0.9847319278346618 0.9922778767136675
0.9847319278346618 0.9922778767136675
0.9847319278346618 0.9922778767136675
0.9847319278346618 0.9922778767136675
0.9847319278346618 0.9922778767136676
0.9636241116594315 0.9960141559712028
0.9863939238321437 0.9965793181889274
0.9847319278346618 0.9922778767136676
0.9847319278346618 0.9922778767136679
0.9847319278346618 0.9922778767136675
0.9847319278346618 0.9922778767136675
0.9847319278346618 0.9922778767136676
0.9847319278346618 0.9922778767136676
0.978945010372561 0.981879539141795
0.9847319278346618 0.9922778767136676
0.9847319278346618 0.9922778767136675
0.9636241116594315 0.9960141559712028
0.9847319278346618 0.9922778767136675
1.0 0.9848068988889007
0.9847319278346618 0.9922778767136675
0.9847319278346618 0.9922778767136675
0.9847319278346618 0.9922778767136675
0.9888264649460883 0.9868982567550956
0.9847319278346618 0.9922778767136675
0.9863939238321437 0.9965793181889274
0.9863939238321437 0.9965793181889274
0.9636241116594315 0.9960141559712028
0.9636241116594315 0.9960141559712028
0.9746794344808964 0.9831353843426087
0.9847319278346618 0.9922778767136675
0.9847319278346618 0.9922778767136676
0.9847319278346618 0.9922778767136675
0.9847319278346618 0.9922778767136675
0.9863939238321437 0.9965793181889274
0.9847319278346618 0.9922778767136676
0.9607689228305227 0.9914999245151155
0.9847319278346618 0.9922778767136676
0.9682458365518541 0.9871527508650882
0.9847319278346618 0.9922778767136675
0.9847319278346618 0.9922778767136676
0.9847319278346618 0.9922778767136675
0.9847319278346618 0.9922778767136676
0.9847319278346618 0.9922778767136675
0.9847319278346618 0.9922778767136675
0.9847319278346618 0.9922778767136675
0.9636241116594315 0.9960141559712028
0.9636241116594315 0.9960141559712028
0.9863939238321437 0.9965793181889274
0.9847319278346618 0.9922778767136676
0.9636241116594315 0.9960141559712028
0.9847319278346618 0.9922778767136675
0.9863939238321437 0.9965793181889274
0.9847319278346618 0.9922778767136675
0.9863939238321437 0.9965793181889274
1.0 0.999228622655891
0.9863939238321437 0.9965793181889274
0.9847319278346618 0.9922778767136676
0.9847319278346618 0.9922778767136679
0.9847319278346618 0.9922778767136675
0.9863939238321437 0.9965793181889274
0.9863939238321437 0.9965793181889274
0.9607689228305227 0.9914999245151155
0.9863939238321437 0.9965793181889274
0.9636241116594315 0.9960141559712028
0.9847319278346618 0.9922778767136675
0.9847319278346618 0.9922778767136675
0.9847319278346618 0.9922778767136675
0.9847319278346618 0.9922778767136679
0.9607689228305227 0.9914999245151155
0.9847319278346618 0.9922778767136676
0.9847319278346618 0.9922778767136676
0.9847319278346618 0.9922778767136675
0.9888264649460883 0.9799830399210828
0.9746794344808964 0.9831353843426087
0.9897433186107871 0.9749937707075238
0.9682458365518541 0.9871527508650882
0.9847319278346618 0.9922778767136676
0.9847319278346618 0.9922778767136675
0.9863939238321437 0.9965793181889274
0.9847319278346618 0.9922778767136679
0.9847319278346618 0.9922778767136676
0.9863939238321437 0.9965793181889274
0.9999999999999999 0.9922778767136676
0.9847319278346618 0.9922778767136675
0.9847319278346618 0.9922778767136675
0.9847319278346618 0.9922778767136675
0.9847319278346618 0.9922778767136676
0.9636241116594315 0.9960141559712028
0.9863939238321437 0.9965793181889274
0.9847319278346618 0.9922778767136676
0.9847319278346618 0.9922778767136675
0.9746794344808964 0.9831353843426087
1.0 0.9848068988889007
0.9636241116594315 0.9960141559712028
0.9847319278346618 0.9922778767136675
0.9847319278346618 0.9922778767136676
0.9636241116594315 0.9960141559712028
0.9847319278346618 0.9922778767136675
0.9863939238321437 0.9965793181889274
0.9636241116594315 0.9960141559712028
0.9847319278346618 0.9922778767136675
0.9847319278346618 0.9922778767136679
0.9746794344808964 0.9831353843426087
0.9636241116594315 0.9960141559712028
0.9847319278346618 0.9922778767136675
1.0 0.9699505184989595
0.9847319278346618 0.9922778767136676
0.9847319278346618 0.9922778767136676
0.9847319278346618 0.9922778767136676
0.9847319278346618 0.9922778767136679
0.9847319278346618 0.9922778767136675
0.9847319278346618 0.9922778767136675
0.9847319278346618 0.9922778767136675
0.9847319278346618 0.9922778767136676
0.9847319278346618 0.9922778767136676
1.0 0.9848068988889007
0.9847319278346618 0.9922778767136675
0.9847319278346618 0.9922778767136675
0.9746794344808964 0.9831353843426087
0.9847319278346618 0.9922778767136676
0.9847319278346618 0.9922778767136676
0.9847319278346618 0.9922778767136676
0.9847319278346618 0.9922778767136676
0.9847319278346618 0.9922778767136676
0.9847319278346618 0.9922778767136675
0.9847319278346618 0.9922778767136675
0.9847319278346618 0.9922778767136675
0.9847319278346618 0.9922778767136676
0.9847319278346618 0.9922778767136675
0.9847319278346618 0.9922778767136675
0.9746794344808964 0.9831353843426087
0.9636241116594315 0.9960141559712028
0.9847319278346618 0.9922778767136675
0.9847319278346618 0.9922778767136679
0.9847319278346618 0.9922778767136676
0.9847319278346618 0.9922778767136675
0.9847319278346618 0.9922778767136676
0.9847319278346618 0.9922778767136676
0.9863939238321437 0.9965793181889274
0.9847319278346618 0.9922778767136676
0.9999999999999999 0.9922778767136676
0.9847319278346618 0.9922778767136675
0.9847319278346618 0.9922778767136676
0.9847319278346618 0.9922778767136676
0.9847319278346618 0.9922778767136675
0.9847319278346618 0.9922778767136675
1.0 0.9848068988889007
0.9847319278346618 0.9922778767136676
0.9847319278346618 0.9922778767136675
0.9847319278346618 0.9922778767136676
0.9847319278346618 0.9922778767136679
1.0 0.9848068988889007
0.9847319278346618 0.9922778767136676
0.9636241116594315 0.9960141559712028
0.9847319278346618 0.9922778767136675
0.9847319278346618 0.9922778767136676
0.9847319278346618 0.9922778767136676
0.9863939238321437 0.9965793181889274
0.9636241116594315 0.9960141559712028
0.9847319278346618 0.9922778767136676
0.9847319278346618 0.9922778767136676
0.9847319278346618 0.9922778767136676
0.9847319278346618 0.9922778767136676
0.9847319278346618 0.9922778767136676
0.9847319278346618 0.9922778767136676
0.9847319278346618 0.9922778767136676
0.9847319278346618 0.9922778767136676
0.9999999999999999 0.9922778767136676
0.960768922830523 1.0000000000000002
0.9847319278346618 0.9922778767136675
0.9847319278346618 0.9922778767136675
0.9847319278346618 0.9922778767136676
0.9847319278346618 0.9922778767136676
0.9847319278346618 0.9922778767136675
0.9847319278346618 0.9922778767136676
0.9847319278346618 0.9922778767136676
0.9847319278346618 0.9922778767136679
1.0 0.9991698098474388
0.9847319278346618 0.9922778767136679
0.9847319278346618 0.9922778767136679
0.9847319278346618 0.9922778767136679
0.9746794344808964 0.9831353843426087
0.9428090415820635 1.0
0.9847319278346618 0.9922778767136676
0.9847319278346618 0.9922778767136676
0.9847319278346618 0.9922778767136675
0.9636241116594315 0.9960141559712028
0.9847319278346618 0.9922778767136675
0.9607689228305227 0.9914999245151155
0.9847319278346618 0.9922778767136675
0.9847319278346618 0.9922778767136676
0.9746794344808964 0.9831353843426087
1.0 0.999228622655891
0.9847319278346618 0.9922778767136676
0.960768922830523 1.0
0.9636241116594315 0.9960141559712028
0.9847319278346618 0.9922778767136676
0.9636241116594315 0.9960141559712028
0.9428090415820635 1.0000000000000002
0.9888264649460883 0.9868982567550956
0.9746794344808964 0.9831353843426087
0.9847319278346618 0.9922778767136675
0.9847319278346618 0.9922778767136676
0.9847319278346618 0.9922778767136676
0.9847319278346618 0.9922778767136675
0.9847319278346618 0.9922778767136679
0.9847319278346618 0.9922778767136675
0.9636241116594315 0.9960141559712028
0.9863939238321437 0.9965793181889274
0.9847319278346618 0.9922778767136675
0.9428090415820635 1.0
0.9847319278346618 0.9922778767136679
0.9847319278346618 0.9922778767136676
0.9888264649460883 0.9868982567550956
0.9746794344808964 0.9831353843426087
0.9636241116594315 0.9960141559712028
0.9847319278346618 0.9922778767136675
0.9428090415820635 1.0000000000000002
0.9847319278346618 0.9922778767136676
0.9863939238321437 0.9965793181889274
0.9847319278346618 0.9922778767136676
0.9847319278346618 0.9922778767136675
0.9847319278346618 0.9922778767136675
0.9847319278346618 0.9922778767136675
0.9847319278346618 0.9922778767136679
0.9847319278346618 0.9922778767136675
0.9847319278346618 0.9922778767136676
0.9847319278346618 0.9922778767136675
0.9636241116594315 0.9960141559712028
0.960768922830523 1.0
0.9847319278346618 0.9922778767136676
0.9847319278346618 0.9922778767136675
0.9847319278346618 0.9922778767136675
1.0 0.9848068988889007
1.0 0.9991698098474388
0.9847319278346618 0.9922778767136676
0.9847319278346618 0.9922778767136675
0.9746794344808964 0.9831353843426087
0.9847319278346618 0.9922778767136675
0.9847319278346618 0.9922778767136675
0.9847319278346618 0.9922778767136676
0.9847319278346618 0.9922778767136675
0.978945010372561 0.981879539141795
0.9636241116594315 0.9960141559712028
0.9653072991634227 0.9848726619247377
0.9847319278346618 0.9922778767136676
0.9863939238321437 0.9965793181889274
0.9847319278346618 0.9922778767136675
0.9847319278346618 0.9922778767136675
0.9847319278346618 0.9922778767136676
0.9847319278346618 0.9922778767136676
0.9847319278346618 0.9922778767136675
0.9847319278346618 0.9922778767136675
0.9863939238321437 0.9965793181889274
0.9847319278346618 0.9922778767136675
0.9847319278346618 0.9922778767136676
0.9847319278346618 0.9922778767136679
0.9636241116594315 0.9960141559712028
0.9847319278346618 0.9922778767136676
0.9847319278346618 0.9922778767136679
0.9746794344808964 0.9831353843426087
0.9847319278346618 0.9922778767136675
0.9863939238321437 0.9965793181889274
0.9847319278346618 0.9922778767136676
0.9847319278346618 0.9922778767136675
0.9847319278346618 0.9922778767136676
0.9847319278346618 0.9922778767136676
0.9847319278346618 0.9922778767136675
0.9636241116594315 0.9960141559712028
0.9847319278346618 0.9922778767136675
0.9746794344808964 0.9831353843426087
0.9847319278346618 0.9922778767136675
0.9863939238321437 0.9965793181889274
0.9847319278346618 0.9922778767136679
0.9847319278346618 0.9922778767136675
0.9847319278346618 0.9922778767136676
0.9847319278346618 0.9922778767136676
0.9847319278346618 0.9922778767136676
0.9847319278346618 0.9922778767136675
0.9863939238321437 0.9965793181889274
0.9847319278346618 0.9922778767136675
0.9636241116594315 0.9960141559712028
0.9847319278346618 0.9922778767136675
0.9636241116594315 0.9960141559712028
0.9888264649460883 0.9868982567550956
0.9847319278346618 0.9922778767136676
0.9888264649460883 0.9868982567550956
0.9746794344808964 0.9831353843426087
0.9746794344808964 0.9831353843426087
0.9847319278346618 0.9922778767136679
0.9847319278346618 0.9922778767136676
0.9847319278346618 0.9922778767136675
0.9847319278346618 0.9922778767136676
0.9636241116594315 0.9960141559712028
0.9847319278346618 0.9922778767136675
0.9863939238321437 0.9965793181889274
0.9746794344808964 0.9831353843426087
0.9847319278346618 0.9922778767136675
0.9863939238321437 0.9965793181889274
0.9847319278346618 0.9922778767136675
0.9847319278346618 0.9922778767136675
0.9746794344808964 0.9831353843426087
0.9863939238321437 0.9965793181889274
0.9847319278346618 0.9922778767136676
0.9847319278346618 0.9922778767136679
0.9847319278346618 0.9922778767136676
0.9847319278346618 0.9922778767136675
0.9847319278346618 0.9922778767136676
0.9847319278346618 0.9922778767136679
0.9847319278346618 0.9922778767136679
1.0 0.9848068988889007
0.9847319278346618 0.9922778767136675
0.9847319278346618 0.9922778767136675
0.9847319278346618 0.9922778767136676
0.9847319278346618 0.9922778767136676
0.9847319278346618 0.9922778767136675
0.9847319278346618 0.9922778767136679
0.9636241116594315 0.9960141559712028
0.9847319278346618 0.9922778767136676
0.9746794344808964 0.9831353843426087
0.9847319278346618 0.9922778767136676
0.9847319278346618 0.9922778767136675
0.9847319278346618 0.9922778767136679
0.9847319278346618 0.9922778767136676
0.9847319278346618 0.9922778767136676
0.9847319278346618 0.9922778767136675
0.9847319278346618 0.9922778767136679
0.9847319278346618 0.9922778767136675
0.9847319278346618 0.9922778767136675
0.9847319278346618 0.9922778767136675
0.9746794344808964 0.9831353843426087
0.9746794344808964 0.9831353843426087
0.9211323729436764 1.0
0.9746794344808964 0.9831353843426087
1.0 0.9848068988889007
0.9847319278346618 0.9922778767136675
0.9863939238321437 0.9965793181889274
0.9607689228305227 0.9914999245151155
0.9607689228305227 0.9914999245151155
0.9636241116594315 0.9960141559712028
0.9746794344808964 0.9831353843426087
0.9847319278346618 0.9922778767136675
0.9636241116594315 0.9960141559712028
0.9888264649460883 0.9799830399210827
0.9847319278346618 0.9922778767136679
0.9847319278346618 0.9922778767136676
0.9847319278346618 0.9922778767136679
0.9847319278346618 0.9922778767136676
0.9888264649460883 0.9799830399210827
0.9847319278346618 0.9922778767136675
0.9636241116594315 0.9960141559712028
0.9847319278346618 0.9922778767136676
0.9636241116594315 0.9960141559712028
0.9847319278346618 0.9922778767136675
0.9847319278346618 0.9922778767136675
0.9847319278346618 0.9922778767136676
0.9847319278346618 0.9922778767136675
0.9847319278346618 0.9922778767136675
0.9847319278346618 0.9922778767136675
0.9888264649460883 0.9868982567550956
0.9847319278346618 0.9922778767136679
0.9847319278346618 0.9922778767136676
0.9847319278346618 0.9922778767136676
0.9847319278346618 0.9922778767136675
0.9847319278346618 0.9922778767136675
0.9847319278346618 0.9922778767136675
0.9847319278346618 0.9922778767136676
0.9847319278346618 0.9922778767136676
0.9847319278346618 0.9922778767136676
0.9847319278346618 0.9922778767136675
0.9888264649460883 0.9868982567550956
0.9847319278346618 0.9922778767136675
0.9847319278346618 0.9922778767136675
0.9847319278346618 0.9922778767136675
0.9746794344808964 0.9831353843426087
0.9847319278346618 0.9922778767136675
0.9847319278346618 0.9922778767136679
0.9847319278346618 0.9922778767136676
0.9847319278346618 0.9922778767136675
0.9636241116594315 0.9960141559712028
0.9847319278346618 0.9922778767136675
0.9400643223910576 0.982223965423513
0.9847319278346618 0.9922778767136679
0.9746794344808964 0.9831353843426087
0.960768922830523 1.0
0.9847319278346618 0.9922778767136675
0.9847319278346618 0.9922778767136676
0.9888264649460883 0.9868982567550956
0.9888264649460883 0.9799830399210826
0.9847319278346618 0.9922778767136675
0.9847319278346618 0.9922778767136676
0.9847319278346618 0.9922778767136675
0.9847319278346618 0.9922778767136676
0.9607689228305227 0.9914999245151155
0.9847319278346618 0.9922778767136675
0.9847319278346618 0.9922778767136675
0.9636241116594315 0.9960141559712028
0.9636241116594315 0.9960141559712028
0.9847319278346618 0.9922778767136676
0.9847319278346618 0.9922778767136676
0.9847319278346618 0.9922778767136676
0.9847319278346618 0.9922778767136676
0.9847319278346618 0.9922778767136676
0.9863939238321437 0.9965793181889274
0.9847319278346618 0.9922778767136676
0.9847319278346618 0.9922778767136675
0.9847319278346618 0.9922778767136676
0.9847319278346618 0.9922778767136675
0.9847319278346618 0.9922778767136679
0.9847319278346618 0.9922778767136676
0.9636241116594315 0.9960141559712028
0.9847319278346618 0.9922778767136676
0.9607689228305227 0.9914999245151155
0.9847319278346618 0.9922778767136676
1.0 0.999228622655891
0.9847319278346618 0.9922778767136675
0.9847319278346618 0.9922778767136679
1.0 0.9848068988889007
0.9847319278346618 0.9922778767136679
0.9847319278346618 0.9922778767136676
0.9863939238321437 0.9965793181889274
0.9847319278346618 0.9922778767136676
0.9847319278346618 0.9922778767136679
0.9847319278346618 0.9922778767136675
0.9847319278346618 0.9922778767136676
0.9847319278346618 0.9922778767136679
0.9847319278346618 0.9922778767136679
0.9847319278346618 0.9922778767136679
0.9847319278346618 0.9922778767136675
0.9847319278346618 0.9922778767136676
0.9847319278346618 0.9922778767136675
0.9863939238321437 0.9965793181889274
0.9847319278346618 0.9922778767136679
0.960768922830523 1.0
0.960768922830523 1.0
0.9847319278346618 0.9922778767136679
1.0 0.9848068988889007
0.9636241116594315 0.9960141559712028
0.9636241116594315 0.9960141559712028
0.9847319278346618 0.9922778767136676
0.9636241116594315 0.9960141559712028
0.9847319278346618 0.9922778767136679
0.9775252199076787 0.9812008612457896
0.9636241116594315 0.9960141559712028
0.9847319278346618 0.9922778767136676
0.9847319278346618 0.9922778767136676
0.9863939238321437 0.9965793181889274
0.9636241116594315 0.9960141559712028
0.9847319278346618 0.9922778767136676
0.9746794344808964 0.9831353843426087
0.9888264649460883 0.9799830399210828
0.9746794344808964 0.9831353843426087
0.9746794344808964 0.9831353843426087
0.9746794344808964 0.9831353843426087
0.9847319278346618 0.9922778767136676
0.9847319278346618 0.9922778767136679
0.9847319278346618 0.9922778767136675
0.9847319278346618 0.9922778767136675
0.9863939238321437 0.9965793181889274
0.9847319278346618 0.9922778767136675
0.9847319278346618 0.9922778767136675
0.9863939238321437 0.9965793181889274
0.9847319278346618 0.9922778767136676
0.9847319278346618 0.9922778767136676
0.9847319278346618 0.9922778767136676
0.9847319278346618 0.9922778767136676
0.9999999999999999 0.9997264659609698
0.9847319278346618 0.9922778767136676
0.9847319278346618 0.9922778767136675
0.9847319278346618 0.9922778767136675
0.9847319278346618 0.9922778767136675
0.9847319278346618 0.9922778767136676
0.9636241116594315 0.9960141559712028
0.9847319278346618 0.9922778767136676
0.9636241116594315 0.9960141559712028
0.9847319278346618 0.9922778767136675
0.9847319278346618 0.9922778767136676
0.9847319278346618 0.9922778767136675
0.9863939238321437 0.9965793181889274
0.9863939238321437 0.9965793181889274
1.0 0.9848068988889007
0.9847319278346618 0.9922778767136675
0.9847319278346618 0.9922778767136676
0.9847319278346618 0.9922778767136679
0.9847319278346618 0.9922778767136676
0.9847319278346618 0.9922778767136679
0.9847319278346618 0.9922778767136675
0.9847319278346618 0.9922778767136675
0.9636241116594315 0.9960141559712028
0.9847319278346618 0.9922778767136675
0.9847319278346618 0.9922778767136675
0.9636241116594315 0.9960141559712028
0.9847319278346618 0.9922778767136675
0.9847319278346618 0.9922778767136675
0.9847319278346618 0.9922778767136676
0.9847319278346618 0.9922778767136676
0.9746794344808964 0.9831353843426087
0.9863939238321437 0.9965793181889274
0.9847319278346618 0.9922778767136675
0.9847319278346618 0.9922778767136679
0.9847319278346618 0.9922778767136676
0.9847319278346618 0.9922778767136675
0.9636241116594315 0.9960141559712028
1.0 0.9848068988889007
0.9847319278346618 0.9922778767136675
0.9847319278346618 0.9922778767136675
0.9847319278346618 0.9922778767136675
1.0 0.999228622655891
0.9863939238321437 0.9965793181889274
0.9847319278346618 0.9922778767136679
0.9847319278346618 0.9922778767136679
0.9847319278346618 0.9922778767136679
0.9847319278346618 0.9922778767136675
0.9847319278346618 0.9922778767136676
0.9847319278346618 0.9922778767136676
0.9746794344808964 0.9831353843426087
0.9847319278346618 0.9922778767136675
0.9847319278346618 0.9922778767136675
0.9847319278346618 0.9922778767136675
0.9847319278346618 0.9922778767136675
0.9847319278346618 0.9922778767136676
0.9636241116594315 0.9960141559712028
0.9847319278346618 0.9922778767136676
0.9847319278346618 0.9922778767136676
0.9847319278346618 0.9922778767136676
0.9847319278346618 0.9922778767136675
0.9847319278346618 0.9922778767136675
0.9847319278346618 0.9922778767136675
0.9682458365518541 0.9871527508650882
0.9847319278346618 0.9922778767136675
0.960768922830523 1.0
0.9847319278346618 0.9922778767136675
0.9847319278346618 0.9922778767136676
0.9888264649460883 0.9868982567550956
0.9847319278346618 0.9922778767136675
0.9746794344808964 0.9831353843426087
0.9847319278346618 0.9922778767136679
0.9636241116594315 0.9960141559712028
0.9746794344808964 0.9831353843426087
0.9636241116594315 0.9960141559712028
0.9847319278346618 0.9922778767136676
0.9847319278346618 0.9922778767136675
0.9847319278346618 0.9922778767136676
0.9897433186107871 0.9749937707075238
0.9847319278346618 0.9922778767136675
0.9847319278346618 0.9922778767136675
0.9847319278346618 0.9922778767136679
0.9847319278346618 0.9922778767136679
0.9863939238321437 0.9965793181889274
0.9847319278346618 0.9922778767136679
0.9636241116594315 0.9960141559712028
0.9847319278346618 0.9922778767136679
0.9636241116594315 0.9960141559712028
0.9863939238321437 0.9965793181889274
0.9847319278346618 0.9922778767136675
0.9746794344808964 0.9831353843426087
0.9847319278346618 0.9922778767136679
0.9847319278346618 0.9922778767136676
0.960768922830523 1.0
0.9847319278346618 0.9922778767136675
0.9636241116594315 0.9960141559712028
0.9847319278346618 0.9922778767136679
0.9863939238321437 0.9965793181889274
0.9999999999999999 0.9922778767136676
0.9847319278346618 0.9922778767136675
0.9847319278346618 0.9922778767136679
0.9847319278346618 0.9922778767136676
0.9847319278346618 0.9922778767136676
0.9607689228305227 0.9914999245151155
0.9847319278346618 0.9922778767136675
0.9847319278346618 0.9922778767136675
1.0 0.9848068988889007
0.9636241116594315 0.9960141559712028
0.9847319278346618 0.9922778767136676
1.0 0.999228622655891
0.9847319278346618 0.9922778767136675
0.9607689228305227 0.9914999245151153
0.9847319278346618 0.9922778767136676
0.9863939238321437 0.9965793181889274
0.9847319278346618 0.9922778767136675
0.9636241116594315 0.9960141559712028
0.9847319278346618 0.9922778767136676
0.9847319278346618 0.9922778767136675
0.9636241116594315 0.9960141559712028
0.9847319278346618 0.9922778767136676
0.9847319278346618 0.9922778767136676
0.9847319278346618 0.9922778767136676
0.9847319278346618 0.9922778767136676
0.9847319278346618 0.9922778767136676
0.9863939238321437 0.9965793181889274
0.9847319278346618 0.9922778767136675
0.9847319278346618 0.9922778767136675
0.9847319278346618 0.9922778767136675
0.9847319278346618 0.9922778767136676
0.9847319278346618 0.9922778767136676
0.9847319278346618 0.9922778767136676
0.9847319278346618 0.9922778767136675
0.9847319278346618 0.9922778767136679
