0.9354143466934853 0.9486832980505138
0.9354143466934853 0.9486832980505138
0.9464847243000456 0.9970972362566878
0.9464847243000456 0.9970972362566878
0.9354143466934853 0.9486832980505138
0.9354143466934853 0.9486832980505138
0.9354143466934853 0.9486832980505138
0.8777908163823701 0.9482093118615211
0.8770580193070292 0.8944271909999159
0.8770580193070292 0.8944271909999159
0.9444444444444445 0.9669875568304563
0.9354143466934853 0.9486832980505138
0.8770580193070292 0.8944271909999159
0.9354143466934853 0.9486832980505138
0.9128709291752769 0.8783100656536798
0.9354143466934853 0.9486832980505138
0.9354143466934853 0.9486832980505138
0.9354143466934853 0.9486832980505138
0.9354143466934853 0.9486832980505138
0.9354143466934853 0.9486832980505138
0.9502970142326751 0.9761870601839528
0.9354143466934853 0.9486832980505138
0.9444444444444445 0.9669875568304563
0.9354143466934853 0.9486832980505138
0.9464847243000456 0.9978305861440617
0.8770580193070292 0.8944271909999159
0.9444444444444445 0.9669875568304563
0.9354143466934853 0.9486832980505138
0.9354143466934853 0.9486832980505138
0.9354143466934853 0.9486832980505138
0.9444444444444445 0.9669875568304563
0.9354143466934853 0.9486832980505138
0.9354143466934853 0.9486832980505138
0.715833989590879 0.9036961141150639
0.7977240352174656 0.8981774262781437
0.9354143466934853 0.9486832980505138
0.9354143466934853 0.9486832980505138
0.9354143466934853 0.9486832980505138
0.9128709291752769 0.8783100656536798
0.9354143466934853 0.9486832980505138
0.9354143466934853 0.9486832980505138
0.9354143466934853 0.9486832980505138
0.8658487179917636 0.9462916232627815
0.9354143466934853 0.9486832980505138
0.9354143466934853 0.9486832980505138
0.9128709291752769 0.8783100656536798
0.9464847243000456 0.9978305861440617
0.9444444444444445 0.9669875568304563
0.9354143466934853 0.9486832980505138
0.9583148474999099 0.996615895540124
0.8770580193070292 0.8944271909999159
0.8770580193070292 0.8944271909999159
0.8770580193070292 0.8944271909999159
0.9354143466934853 0.9486832980505138
0.9354143466934853 0.9486832980505138
0.9354143466934853 0.9486832980505138
0.9128709291752769 0.8783100656536798
0.8658487179917636 0.9462916232627815
0.9354143466934853 0.9486832980505138
0.9354143466934853 0.9486832980505138
0.9464847243000456 0.9970972362566878
0.9444444444444445 0.9669875568304563
0.9128709291752769 0.8783100656536798
0.9354143466934853 0.9486832980505138
0.9354143466934853 0.9486832980505138
0.9354143466934853 0.9486832980505138
0.9354143466934853 0.9486832980505138
0.8770580193070292 0.8944271909999159
0.8658487179917636 0.9462916232627815
0.9354143466934853 0.9486832980505138
0.9354143466934853 0.9486832980505138
0.9354143466934853 0.9486832980505138
1.0 1.0000000000000002
0.9354143466934853 0.9486832980505138
0.9354143466934853 0.9486832980505138
0.9354143466934853 0.9486832980505138
0.9354143466934853 0.9486832980505138
0.9354143466934853 0.9486832980505138
0.9354143466934853 0.9486832980505138
0.9128709291752769 0.8783100656536798
0.9354143466934853 0.9486832980505138
0.9354143466934853 0.9486832980505138
0.9354143466934853 0.9486832980505138
0.8658487179917636 0.9462916232627815
0.9354143466934853 0.9486832980505138
0.9464847243000456 0.9970972362566878
0.8770580193070292 0.8944271909999159
0.8770580193070292 0.8944271909999159
0.8735555046022885 0.9624354790229065
0.9354143466934853 0.9486832980505138
0.9128709291752769 0.8783100656536798
0.9354143466934853 0.9486832980505138
0.9354143466934853 0.9486832980505138
0.9354143466934853 0.9486832980505138
0.9128709291752769 0.8783100656536798
0.9354143466934853 0.9486832980505138
0.9354143466934853 0.9486832980505138
0.8770580193070292 0.8944271909999159
0.9354143466934853 0.9486832980505138
0.9354143466934853 0.9486832980505138
0.9354143466934853 0.9486832980505138
0.9354143466934853 0.9486832980505138
0.9354143466934853 0.9486832980505138
0.9354143466934853 0.9486832980505138
0.9354143466934853 0.9486832980505138
0.8770580193070292 0.8944271909999159
0.9354143466934853 0.9486832980505138
0.9128709291752769 0.9561828874675149
0.9354143466934853 0.9486832980505138
0.715833989590879 0.9036961141150639
0.9354143466934853 0.9486832980505138
0.9354143466934853 0.9486832980505138
0.9354143466934853 0.9486832980505138
0.9354143466934853 0.9486832980505138
0.9354143466934853 0.9486832980505138
0.9354143466934853 0.9486832980505138
0.9354143466934853 0.9486832980505138
0.9354143466934853 0.9486832980505138
0.9128709291752769 0.8783100656536798
0.9354143466934853 0.9486832980505138
0.9444444444444445 0.9669875568304563
0.9354143466934853 0.9486832980505138
0.9354143466934853 0.9486832980505138
0.9354143466934853 0.9486832980505138
0.9444444444444445 0.9669875568304563
0.9354143466934853 0.9486832980505138
0.9354143466934853 0.9486832980505138
0.9354143466934853 0.9486832980505138
0.9128709291752769 0.8783100656536798
1.0 1.0000000000000002
0.9354143466934853 0.9486832980505138
0.9354143466934853 0.9486832980505138
0.9354143466934853 0.9486832980505138
0.9354143466934853 0.9486832980505138
0.715833989590879 0.9036961141150639
0.9354143466934853 0.9486832980505138
0.9354143466934853 0.9486832980505138
0.9354143466934853 0.9486832980505138
0.9464847243000456 0.9970972362566878
0.9354143466934853 0.9486832980505138
0.9354143466934853 0.9486832980505138
0.715833989590879 0.9036961141150639
0.9354143466934853 0.9486832980505138
0.8770580193070292 0.8944271909999159
0.9128709291752769 0.8783100656536798
0.9354143466934853 0.9486832980505138
0.8658487179917636 0.9462916232627815
0.9354143466934853 0.9486832980505138
0.9128709291752769 0.9561828874675149
0.8770580193070292 0.8944271909999159
0.9354143466934853 0.9486832980505138
0.9354143466934853 0.9486832980505138
0.9354143466934853 0.9486832980505138
0.9354143466934853 0.9486832980505138
0.9354143466934853 0.9486832980505138
0.9354143466934853 0.9486832980505138
0.9128709291752769 0.8783100656536798
0.9354143466934853 0.9486832980505138
0.9354143466934853 0.9486832980505138
0.9444444444444445 0.9669875568304563
0.9354143466934853 0.9486832980505138
0.9354143466934853 0.9486832980505138
0.9444444444444445 0.9669875568304563
0.8770580193070292 0.8944271909999159
0.9354143466934853 0.9486832980505138
0.9354143466934853 0.9486832980505138
0.9128709291752769 0.8783100656536798
0.9354143466934853 0.9486832980505138
0.9444444444444445 0.9669875568304563
0.9128709291752769 0.8783100656536798
0.9354143466934853 0.9486832980505138
0.9354143466934853 0.9486832980505138
0.9354143466934853 0.9486832980505138
0.9354143466934853 0.9486832980505138
0.9444444444444445 0.9669875568304563
0.9354143466934853 0.9486832980505138
0.9354143466934853 0.9486832980505138
0.9354143466934853 0.9486832980505138
0.9354143466934853 0.9486832980505138
0.8770580193070292 0.8944271909999159
0.9128709291752769 0.9561828874675149
0.9354143466934853 0.9486832980505138
0.9354143466934853 0.9486832980505138
0.9354143466934853 0.9486832980505138
0.9354143466934853 0.9486832980505138
0.9354143466934853 0.9486832980505138
0.9354143466934853 0.9486832980505138
0.9128709291752769 0.8783100656536798
0.9354143466934853 0.9486832980505138
0.9354143466934853 0.9486832980505138
0.9444444444444445 0.9669875568304563
0.9354143466934853 0.9486832980505138
0.9128709291752769 0.8783100656536798
0.9128709291752769 0.8783100656536798
0.9354143466934853 0.9486832980505138
0.9354143466934853 0.9486832980505138
0.8770580193070292 0.8944271909999159
0.9354143466934853 0.9486832980505138
0.9354143466934853 0.9486832980505138
1.0 1.0000000000000002
0.9354143466934853 0.9486832980505138
0.8658487179917636 0.9462916232627815
0.9128709291752769 0.8783100656536798
0.9354143466934853 0.9486832980505138
0.9354143466934853 0.9486832980505138
0.9354143466934853 0.9486832980505138
0.8770580193070292 0.8944271909999159
0.8971651128347827 0.9629629629629631
0.9354143466934853 0.9486832980505138
0.9354143466934853 0.9486832980505138
0.9354143466934853 0.9486832980505138
0.9354143466934853 0.9486832980505138
0.8770580193070292 0.8944271909999159
0.9354143466934853 0.9486832980505138
0.9354143466934853 0.9486832980505138
0.9354143466934853 0.9486832980505138
0.9444444444444445 0.9669875568304563
0.9354143466934853 0.9486832980505138
0.9354143466934853 0.9486832980505138
0.9354143466934853 0.9486832980505138
0.9128709291752769 0.8783100656536798
0.8658487179917636 0.9462916232627815
0.8770580193070292 0.8944271909999159
0.9354143466934853 0.9486832980505138
0.9128709291752769 0.8783100656536798
0.8770580193070292 0.8944271909999159
0.9354143466934853 0.9486832980505138
0.9128709291752769 0.8783100656536798
0.9354143466934853 0.9486832980505138
0.9354143466934853 0.9486832980505138
0.9354143466934853 0.9486832980505138
0.9354143466934853 0.9486832980505138
0.9354143466934853 0.9486832980505138
0.9999999999999999 1.0
0.9354143466934853 0.9486832980505138
0.9354143466934853 0.9486832980505138
0.9354143466934853 0.9486832980505138
0.8770580193070292 0.8944271909999159
0.715833989590879 0.9036961141150639
0.9354143466934853 0.9486832980505138
0.9444444444444445 0.9669875568304563
0.9354143466934853 0.9486832980505138
0.8777908163823701 0.9482093118615211
0.9354143466934853 0.9486832980505138
0.9354143466934853 0.9486832980505138
0.9354143466934853 0.9486832980505138
0.9464847243000456 0.9970972362566878
0.9354143466934853 0.9486832980505138
0.9128709291752769 0.8783100656536798
0.9128709291752769 0.8783100656536798
1.0 1.0000000000000002
0.9444444444444445 0.9669875568304563
0.9354143466934853 0.9486832980505138
0.9354143466934853 0.9486832980505138
0.9354143466934853 0.9486832980505138
0.9128709291752769 0.9561828874675149
0.9354143466934853 0.9486832980505138
0.9444444444444445 0.9669875568304563
0.9354143466934853 0.9486832980505138
0.9354143466934853 0.9486832980505138
0.9354143466934853 0.9486832980505138
0.9354143466934853 0.9486832980505138
0.9354143466934853 0.9486832980505138
0.8770580193070292 0.8944271909999159
0.9354143466934853 0.9486832980505138
0.9354143466934853 0.9486832980505138
0.8770580193070292 0.8944271909999159
0.9354143466934853 0.9486832980505138
0.8770580193070292 0.8944271909999159
0.9999999999999999 1.0
0.8770580193070292 0.8944271909999159
0.9354143466934853 0.9486832980505138
0.9354143466934853 0.9486832980505138
0.9354143466934853 0.9486832980505138
0.9354143466934853 0.9486832980505138
0.9354143466934853 0.9486832980505138
0.9354143466934853 0.9486832980505138
0.9354143466934853 0.9486832980505138
0.8774535953713308 0.9428090415820634
0.9128709291752769 0.8783100656536798
0.9354143466934853 0.9486832980505138
0.9128709291752769 0.8783100656536798
0.7977240352174656 0.8981774262781437
0.9354143466934853 0.9486832980505138
0.9444444444444445 0.9669875568304563
0.9354143466934853 0.9486832980505138
0.9354143466934853 0.9486832980505138
0.9354143466934853 0.9486832980505138
0.9354143466934853 0.9486832980505138
0.9354143466934853 0.9486832980505138
0.9354143466934853 0.9486832980505138
0.9999999999999999 1.0
0.9354143466934853 0.9486832980505138
0.9444444444444445 0.9669875568304563
0.9128709291752769 0.9561828874675149
0.9444444444444445 0.9669875568304563
0.9354143466934853 0.9486832980505138
0.9354143466934853 0.9486832980505138
0.9354143466934853 0.9486832980505138
0.9354143466934853 0.9486832980505138
0.8770580193070292 0.8944271909999159
0.9354143466934853 0.9486832980505138
0.9354143466934853 0.9486832980505138
0.9354143466934853 0.9486832980505138
0.8770580193070292 0.8944271909999159
0.9354143466934853 0.9486832980505138
0.9444444444444445 0.9669875568304563
0.9354143466934853 0.9486832980505138
0.9444444444444445 0.9669875568304563
0.8770580193070292 0.8944271909999159
0.9354143466934853 0.9486832980505138
0.9354143466934853 0.9486832980505138
0.9354143466934853 0.9486832980505138
0.9354143466934853 0.9486832980505138
0.9354143466934853 0.9486832980505138
0.8770580193070292 0.8944271909999159
0.9354143466934853 0.9486832980505138
0.9354143466934853 0.9486832980505138
0.9128709291752769 0.8783100656536798
0.9354143466934853 0.9486832980505138
0.8770580193070292 0.8944271909999159
0.9354143466934853 0.9486832980505138
0.8658487179917636 0.9462916232627815
0.9354143466934853 0.9486832980505138
0.9354143466934853 0.9486832980505138
0.9354143466934853 0.9486832980505138
0.9354143466934853 0.9486832980505138
0.9444444444444445 0.9669875568304563
0.8770580193070292 0.8944271909999159
0.9128709291752769 0.8783100656536798
0.9354143466934853 0.9486832980505138
0.9354143466934853 0.9486832980505138
0.9354143466934853 0.9486832980505138
0.9354143466934853 0.9486832980505138
0.9128709291752769 0.9561828874675149
0.7977240352174656 0.8981774262781437
0.9444444444444445 0.9669875568304563
0.9444444444444445 0.9669875568304563
0.9128709291752769 0.9561828874675149
0.9354143466934853 0.9486832980505138
0.9354143466934853 0.9486832980505138
0.9354143466934853 0.9486832980505138
1.0 1.0000000000000002
0.9354143466934853 0.9486832980505138
0.9354143466934853 0.9486832980505138
0.9354143466934853 0.9486832980505138
0.9354143466934853 0.9486832980505138
1.0 1.0000000000000002
0.9354143466934853 0.9486832980505138
0.9354143466934853 0.9486832980505138
0.9128709291752769 0.8783100656536798
0.9354143466934853 0.9486832980505138
0.8770580193070292 0.8944271909999159
0.9354143466934853 0.9486832980505138
0.9128709291752769 0.8783100656536798
0.9354143466934853 0.9486832980505138
0.9128709291752769 0.8783100656536798
0.9354143466934853 0.9486832980505138
0.9354143466934853 0.9486832980505138
0.9128709291752769 0.8783100656536798
0.9354143466934853 0.9486832980505138
0.9354143466934853 0.9486832980505138
0.9354143466934853 0.9486832980505138
0.7977240352174656 0.8981774262781437
0.9128709291752769 0.9561828874675149
0.9354143466934853 0.9486832980505138
0.9354143466934853 0.9486832980505138
0.9354143466934853 0.9486832980505138
0.9354143466934853 0.9486832980505138
0.9354143466934853 0.9486832980505138
0.9128709291752769 0.8783100656536798
0.9354143466934853 0.9486832980505138
0.9354143466934853 0.9486832980505138
0.8658487179917636 0.9462916232627815
0.8770580193070292 0.8944271909999159
0.9354143466934853 0.9486832980505138
0.9354143466934853 0.9486832980505138
0.9354143466934853 0.9486832980505138
1.0 1.0000000000000002
1.0 1.0000000000000002
0.9354143466934853 0.9486832980505138
0.9354143466934853 0.9486832980505138
0.9354143466934853 0.9486832980505138
0.9354143466934853 0.9486832980505138
0.9444444444444445 0.9669875568304563
0.9354143466934853 0.9486832980505138
0.9444444444444445 0.9669875568304563
0.9444444444444445 0.9669875568304563
0.8770580193070292 0.8944271909999159
0.9354143466934853 0.9486832980505138
0.9354143466934853 0.9486832980505138
0.9354143466934853 0.9486832980505138
0.9128709291752769 0.8783100656536798
0.9354143466934853 0.9486832980505138
0.9354143466934853 0.9486832980505138
0.9354143466934853 0.9486832980505138
0.9354143466934853 0.9486832980505138
0.9444444444444445 0.9669875568304563
0.9354143466934853 0.9486832980505138
0.9354143466934853 0.9486832980505138
0.8770580193070292 0.8944271909999159
0.9354143466934853 0.9486832980505138
0.9354143466934853 0.9486832980505138
0.9354143466934853 0.9486832980505138
0.9354143466934853 0.9486832980505138
0.9354143466934853 0.9486832980505138
0.9354143466934853 0.9486832980505138
0.8770580193070292 0.8944271909999159
0.9128709291752769 0.8783100656536798
0.9354143466934853 0.9486832980505138
0.9354143466934853 0.9486832980505138
0.9354143466934853 0.9486832980505138
0.9354143466934853 0.9486832980505138
0.9354143466934853 0.9486832980505138
0.9354143466934853 0.9486832980505138
0.8597269536210952 0.9331569498236163
0.9354143466934853 0.9486832980505138
0.9354143466934853 0.9486832980505138
0.8770580193070292 0.8944271909999159
0.9354143466934853 0.9486832980505138
0.8658487179917636 0.9462916232627815
0.9354143466934853 0.9486832980505138
0.9354143466934853 0.9486832980505138
0.9354143466934853 0.9486832980505138
0.7977240352174656 0.8981774262781437
0.9354143466934853 0.9486832980505138
0.9128709291752769 0.8783100656536798
0.9128709291752769 0.8783100656536798
0.8770580193070292 0.8944271909999159
0.8770580193070292 0.8944271909999159
0.9444444444444445 0.9669875568304563
0.9354143466934853 0.9486832980505138
0.9354143466934853 0.9486832980505138
0.9354143466934853 0.9486832980505138
0.9354143466934853 0.9486832980505138
0.9128709291752769 0.8783100656536798
0.9354143466934853 0.9486832980505138
0.9128709291752769 0.9561828874675149
0.9354143466934853 0.9486832980505138
0.715833989590879 0.9036961141150639
0.9354143466934853 0.9486832980505138
0.9354143466934853 0.9486832980505138
0.9354143466934853 0.9486832980505138
0.9354143466934853 0.9486832980505138
0.9354143466934853 0.9486832980505138
0.9354143466934853 0.9486832980505138
0.9354143466934853 0.9486832980505138
0.8770580193070292 0.8944271909999159
0.8770580193070292 0.8944271909999159
0.9128709291752769 0.8783100656536798
0.9354143466934853 0.9486832980505138
0.8770580193070292 0.8944271909999159
0.9354143466934853 0.9486832980505138
0.9128709291752769 0.8783100656536798
0.9354143466934853 0.9486832980505138
0.9128709291752769 0.8783100656536798
0.9464847243000456 0.9970972362566878
0.9128709291752769 0.8783100656536798
0.9354143466934853 0.9486832980505138
0.9354143466934853 0.9486832980505138
0.9354143466934853 0.9486832980505138
0.9128709291752769 0.8783100656536798
0.9128709291752769 0.8783100656536798
0.9128709291752769 0.9561828874675149
0.9128709291752769 0.8783100656536798
0.8770580193070292 0.8944271909999159
0.9354143466934853 0.9486832980505138
0.9354143466934853 0.9486832980505138
0.9354143466934853 0.9486832980505138
0.9354143466934853 0.9486832980505138
0.9128709291752769 0.9561828874675149
0.9354143466934853 0.9486832980505138
0.9354143466934853 0.9486832980505138
0.9354143466934853 0.9486832980505138
0.9502970142326751 0.9761870601839528
0.9444444444444445 0.9669875568304563
0.8190283593479222 0.9486832980505139
0.715833989590879 0.9036961141150639
0.9354143466934853 0.9486832980505138
0.9354143466934853 0.9486832980505138
0.9128709291752769 0.8783100656536798
0.9354143466934853 0.9486832980505138
0.9354143466934853 0.9486832980505138
0.9128709291752769 0.8783100656536798
0.9354143466934853 0.9486832980505138
0.9354143466934853 0.9486832980505138
0.9354143466934853 0.9486832980505138
0.9354143466934853 0.9486832980505138
0.9354143466934853 0.9486832980505138
0.8770580193070292 0.8944271909999159
0.9128709291752769 0.8783100656536798
0.9354143466934853 0.9486832980505138
0.9354143466934853 0.9486832980505138
0.9444444444444445 0.9669875568304563
0.8658487179917636 0.9462916232627815
0.8770580193070292 0.8944271909999159
0.9354143466934853 0.9486832980505138
0.9354143466934853 0.9486832980505138
0.8770580193070292 0.8944271909999159
0.9354143466934853 0.9486832980505138
0.9128709291752769 0.8783100656536798
0.8770580193070292 0.8944271909999159
0.9354143466934853 0.9486832980505138
0.9354143466934853 0.9486832980505138
0.9444444444444445 0.9669875568304563
0.8770580193070292 0.8944271909999159
0.9354143466934853 0.9486832980505138
0.8565861529340607 0.9693454914622454
0.9354143466934853 0.9486832980505138
0.9354143466934853 0.9486832980505138
0.9354143466934853 0.9486832980505138
0.9354143466934853 0.9486832980505138
0.9354143466934853 0.9486832980505138
0.9354143466934853 0.9486832980505138
0.9354143466934853 0.9486832980505138
0.9354143466934853 0.9486832980505138
0.9354143466934853 0.9486832980505138
0.8658487179917636 0.9462916232627815
0.9354143466934853 0.9486832980505138
0.9354143466934853 0.9486832980505138
0.9444444444444445 0.9669875568304563
0.9354143466934853 0.9486832980505138
0.9354143466934853 0.9486832980505138
0.9354143466934853 0.9486832980505138
0.9354143466934853 0.9486832980505138
0.9354143466934853 0.9486832980505138
0.9354143466934853 0.9486832980505138
0.9354143466934853 0.9486832980505138
0.9354143466934853 0.9486832980505138
0.9354143466934853 0.9486832980505138
0.9354143466934853 0.9486832980505138
0.9354143466934853 0.9486832980505138
0.9444444444444445 0.9669875568304563
0.8770580193070292 0.8944271909999159
0.9354143466934853 0.9486832980505138
0.9354143466934853 0.9486832980505138
0.9354143466934853 0.9486832980505138
0.9354143466934853 0.9486832980505138
0.9354143466934853 0.9486832980505138
0.9354143466934853 0.9486832980505138
0.9128709291752769 0.8783100656536798
0.9354143466934853 0.9486832980505138
0.9354143466934853 0.9486832980505138
0.9354143466934853 0.9486832980505138
0.9354143466934853 0.9486832980505138
0.9354143466934853 0.9486832980505138
0.9354143466934853 0.9486832980505138
0.9354143466934853 0.9486832980505138
0.8658487179917636 0.9462916232627815
0.9354143466934853 0.9486832980505138
0.9354143466934853 0.9486832980505138
0.9354143466934853 0.9486832980505138
0.9354143466934853 0.9486832980505138
0.8658487179917636 0.9462916232627815
0.9354143466934853 0.9486832980505138
0.8770580193070292 0.8944271909999159
0.9354143466934853 0.9486832980505138
0.9354143466934853 0.9486832980505138
0.9354143466934853 0.9486832980505138
0.9128709291752769 0.8783100656536798
0.8770580193070292 0.8944271909999159
0.9354143466934853 0.9486832980505138
0.9354143466934853 0.9486832980505138
0.9354143466934853 0.9486832980505138
0.9354143466934853 0.9486832980505138
0.9354143466934853 0.9486832980505138
0.9354143466934853 0.9486832980505138
0.9354143466934853 0.9486832980505138
0.9354143466934853 0.9486832980505138
0.9354143466934853 0.9486832980505138
1.0 1.0000000000000002
0.9354143466934853 0.9486832980505138
0.9354143466934853 0.9486832980505138
0.9354143466934853 0.9486832980505138
0.9354143466934853 0.9486832980505138
0.9354143466934853 0.9486832980505138
0.9354143466934853 0.9486832980505138
0.9354143466934853 0.9486832980505138
0.9354143466934853 0.9486832980505138
0.9464847243000456 0.9978305861440617
0.9354143466934853 0.9486832980505138
0.9354143466934853 0.9486832980505138
0.9354143466934853 0.9486832980505138
0.9444444444444445 0.9669875568304563
1.0 1.0000000000000002
0.9354143466934853 0.9486832980505138
0.9354143466934853 0.9486832980505138
0.9354143466934853 0.9486832980505138
0.8770580193070292 0.8944271909999159
0.9354143466934853 0.9486832980505138
0.9128709291752769 0.9561828874675149
0.9354143466934853 0.9486832980505138
0.9354143466934853 0.9486832980505138
0.9444444444444445 0.9669875568304563
0.9464847243000456 0.9970972362566878
0.9354143466934853 0.9486832980505138
1.0 1.0000000000000002
0.8770580193070292 0.8944271909999159
0.9354143466934853 0.9486832980505138
0.8770580193070292 0.8944271909999159
1.0 1.0000000000000002
0.7977240352174656 0.8981774262781437
0.9444444444444445 0.9669875568304563
0.9354143466934853 0.9486832980505138
0.9354143466934853 0.9486832980505138
0.9354143466934853 0.9486832980505138
0.9354143466934853 0.9486832980505138
0.9354143466934853 0.9486832980505138
0.9354143466934853 0.9486832980505138
0.8770580193070292 0.8944271909999159
0.9128709291752769 0.8783100656536798
0.9354143466934853 0.9486832980505138
1.0 1.0000000000000002
0.9354143466934853 0.9486832980505138
0.9354143466934853 0.9486832980505138
0.7977240352174656 0.8981774262781437
0.9444444444444445 0.9669875568304563
0.8770580193070292 0.8944271909999159
0.9354143466934853 0.9486832980505138
1.0 1.0000000000000002
0.9354143466934853 0.9486832980505138
0.9128709291752769 0.8783100656536798
0.9354143466934853 0.9486832980505138
0.9354143466934853 0.9486832980505138
0.9354143466934853 0.9486832980505138
0.9354143466934853 0.9486832980505138
0.9354143466934853 0.9486832980505138
0.9354143466934853 0.9486832980505138
0.9354143466934853 0.9486832980505138
0.9354143466934853 0.9486832980505138
0.8770580193070292 0.8944271909999159
1.0 1.0000000000000002
0.9354143466934853 0.9486832980505138
0.9354143466934853 0.9486832980505138
0.9354143466934853 0.9486832980505138
0.8658487179917636 0.9462916232627815
0.9464847243000456 0.9978305861440617
0.9354143466934853 0.9486832980505138
0.9354143466934853 0.9486832980505138
0.9444444444444445 0.9669875568304563
0.9354143466934853 0.9486832980505138
0.9354143466934853 0.9486832980505138
0.9354143466934853 0.9486832980505138
0.9354143466934853 0.9486832980505138
0.8597269536210952 0.9331569498236163
0.8770580193070292 0.8944271909999159
0.8774535953713308 0.9428090415820634
0.9354143466934853 0.9486832980505138
0.9128709291752769 0.8783100656536798
0.9354143466934853 0.9486832980505138
0.9354143466934853 0.9486832980505138
0.9354143466934853 0.9486832980505138
0.9354143466934853 0.9486832980505138
0.9354143466934853 0.9486832980505138
0.9354143466934853 0.9486832980505138
0.9128709291752769 0.8783100656536798
0.9354143466934853 0.9486832980505138
0.9354143466934853 0.9486832980505138
0.9354143466934853 0.9486832980505138
0.8770580193070292 0.8944271909999159
0.9354143466934853 0.9486832980505138
0.9354143466934853 0.9486832980505138
0.9444444444444445 0.9669875568304563
0.9354143466934853 0.9486832980505138
0.9128709291752769 0.8783100656536798
0.9354143466934853 0.9486832980505138
0.9354143466934853 0.9486832980505138
0.9354143466934853 0.9486832980505138
0.9354143466934853 0.9486832980505138
0.9354143466934853 0.9486832980505138
0.8770580193070292 0.8944271909999159
0.9354143466934853 0.9486832980505138
0.9444444444444445 0.9669875568304563
0.9354143466934853 0.9486832980505138
0.9128709291752769 0.8783100656536798
0.9354143466934853 0.9486832980505138
0.9354143466934853 0.9486832980505138
0.9354143466934853 0.9486832980505138
0.9354143466934853 0.9486832980505138
0.9354143466934853 0.9486832980505138
0.9354143466934853 0.9486832980505138
0.9128709291752769 0.8783100656536798
0.9354143466934853 0.9486832980505138
0.8770580193070292 0.8944271909999159
0.9354143466934853 0.9486832980505138
0.8770580193070292 0.8944271909999159
0.7977240352174656 0.8981774262781437
0.9354143466934853 0.9486832980505138
0.7977240352174656 0.8981774262781437
0.9444444444444445 0.9669875568304563
0.9444444444444445 0.9669875568304563
0.9354143466934853 0.9486832980505138
0.9354143466934853 0.9486832980505138
0.9354143466934853 0.9486832980505138
0.9354143466934853 0.9486832980505138
0.8770580193070292 0.8944271909999159
0.9354143466934853 0.9486832980505138
0.9128709291752769 0.8783100656536798
0.9444444444444445 0.9669875568304563
0.9354143466934853 0.9486832980505138
0.9128709291752769 0.8783100656536798
0.9354143466934853 0.9486832980505138
0.9354143466934853 0.9486832980505138
0.9444444444444445 0.9669875568304563
0.9128709291752769 0.8783100656536798
0.9354143466934853 0.9486832980505138
0.9354143466934853 0.9486832980505138
0.9354143466934853 0.9486832980505138
0.9354143466934853 0.9486832980505138
0.9354143466934853 0.9486832980505138
0.9354143466934853 0.9486832980505138
0.9354143466934853 0.9486832980505138
0.8658487179917636 0.9462916232627815
0.9354143466934853 0.9486832980505138
0.9354143466934853 0.9486832980505138
0.9354143466934853 0.9486832980505138
0.9354143466934853 0.9486832980505138
0.9354143466934853 0.9486832980505138
0.9354143466934853 0.9486832980505138
0.8770580193070292 0.8944271909999159
0.9354143466934853 0.9486832980505138
0.9444444444444445 0.9669875568304563
0.9354143466934853 0.9486832980505138
0.9354143466934853 0.9486832980505138
0.9354143466934853 0.9486832980505138
0.9354143466934853 0.9486832980505138
0.9354143466934853 0.9486832980505138
0.9354143466934853 0.9486832980505138
0.9354143466934853 0.9486832980505138
0.9354143466934853 0.9486832980505138
0.9354143466934853 0.9486832980505138
0.9354143466934853 0.9486832980505138
0.9444444444444445 0.9669875568304563
0.9444444444444445 0.9669875568304563
0.9999999999999998 1.0
0.9444444444444445 0.9669875568304563
0.8658487179917636 0.9462916232627815
0.9354143466934853 0.9486832980505138
0.9128709291752769 0.8783100656536798
0.9128709291752769 0.9561828874675149
0.9128709291752769 0.9561828874675149
0.8770580193070292 0.8944271909999159
0.9444444444444445 0.9669875568304563
0.9354143466934853 0.9486832980505138
0.8770580193070292 0.8944271909999159
0.9502970142326751 0.9761870601839528
0.9354143466934853 0.9486832980505138
0.9354143466934853 0.9486832980505138
0.9354143466934853 0.9486832980505138
0.9354143466934853 0.9486832980505138
0.9502970142326751 0.9761870601839528
0.9354143466934853 0.9486832980505138
0.8770580193070292 0.8944271909999159
0.9354143466934853 0.9486832980505138
0.8770580193070292 0.8944271909999159
0.9354143466934853 0.9486832980505138
0.9354143466934853 0.9486832980505138
0.9354143466934853 0.9486832980505138
0.9354143466934853 0.9486832980505138
0.9354143466934853 0.9486832980505138
0.9354143466934853 0.9486832980505138
0.7977240352174656 0.8981774262781437
0.9354143466934853 0.9486832980505138
0.9354143466934853 0.9486832980505138
0.9354143466934853 0.9486832980505138
0.9354143466934853 0.9486832980505138
0.9354143466934853 0.9486832980505138
0.9354143466934853 0.9486832980505138
0.9354143466934853 0.9486832980505138
0.9354143466934853 0.9486832980505138
0.9354143466934853 0.9486832980505138
0.9354143466934853 0.9486832980505138
0.7977240352174656 0.8981774262781437
0.9354143466934853 0.9486832980505138
0.9354143466934853 0.9486832980505138
0.9354143466934853 0.9486832980505138
0.9444444444444445 0.9669875568304563
0.9354143466934853 0.9486832980505138
0.9354143466934853 0.9486832980505138
0.9354143466934853 0.9486832980505138
0.9354143466934853 0.9486832980505138
0.8770580193070292 0.8944271909999159
0.9354143466934853 0.9486832980505138
0.8885233166386386 0.9428090415820635
0.9354143466934853 0.9486832980505138
0.9444444444444445 0.9669875568304563
1.0 1.0000000000000002
0.9354143466934853 0.9486832980505138
0.9354143466934853 0.9486832980505138
0.7977240352174656 0.8981774262781437
0.9502970142326751 0.9761870601839528
0.9354143466934853 0.9486832980505138
0.9354143466934853 0.9486832980505138
0.9354143466934853 0.9486832980505138
0.9354143466934853 0.9486832980505138
0.9128709291752769 0.9561828874675149
0.9354143466934853 0.9486832980505138
0.9354143466934853 0.9486832980505138
0.8770580193070292 0.8944271909999159
0.8770580193070292 0.8944271909999159
0.9354143466934853 0.9486832980505138
0.9354143466934853 0.9486832980505138
0.9354143466934853 0.9486832980505138
0.9354143466934853 0.9486832980505138
0.9354143466934853 0.9486832980505138
0.9128709291752769 0.8783100656536798
0.9354143466934853 0.9486832980505138
0.9354143466934853 0.9486832980505138
0.9354143466934853 0.9486832980505138
0.9354143466934853 0.9486832980505138
0.9354143466934853 0.9486832980505138
0.9354143466934853 0.9486832980505138
0.8770580193070292 0.8944271909999159
0.9354143466934853 0.9486832980505138
0.9128709291752769 0.9561828874675149
0.9354143466934853 0.9486832980505138
0.9464847243000456 0.9970972362566878
0.9354143466934853 0.9486832980505138
0.9354143466934853 0.9486832980505138
0.8658487179917636 0.9462916232627815
0.9354143466934853 0.9486832980505138
0.9354143466934853 0.9486832980505138
0.9128709291752769 0.8783100656536798
0.9354143466934853 0.9486832980505138
0.9354143466934853 0.9486832980505138
0.9354143466934853 0.9486832980505138
0.9354143466934853 0.9486832980505138
0.9354143466934853 0.9486832980505138
0.9354143466934853 0.9486832980505138
0.9354143466934853 0.9486832980505138
0.9354143466934853 0.9486832980505138
0.9354143466934853 0.9486832980505138
0.9354143466934853 0.9486832980505138
0.9128709291752769 0.8783100656536798
0.9354143466934853 0.9486832980505138
1.0 1.0000000000000002
1.0 1.0000000000000002
0.9354143466934853 0.9486832980505138
0.8658487179917636 0.9462916232627815
0.8770580193070292 0.8944271909999159
0.8770580193070292 0.8944271909999159
0.9354143466934853 0.9486832980505138
0.8770580193070292 0.8944271909999159
0.9354143466934853 0.9486832980505138
0.8411101831919989 0.9444444444444445
0.8770580193070292 0.8944271909999159
0.9354143466934853 0.9486832980505138
0.9354143466934853 0.9486832980505138
0.9128709291752769 0.8783100656536798
0.8770580193070292 0.8944271909999159
0.9354143466934853 0.9486832980505138
0.9444444444444445 0.9669875568304563
0.9502970142326751 0.9761870601839528
0.9444444444444445 0.9669875568304563
0.9444444444444445 0.9669875568304563
0.9444444444444445 0.9669875568304563
0.9354143466934853 0.9486832980505138
0.9354143466934853 0.9486832980505138
0.9354143466934853 0.9486832980505138
0.9354143466934853 0.9486832980505138
0.9128709291752769 0.8783100656536798
0.9354143466934853 0.9486832980505138
0.9354143466934853 0.9486832980505138
0.9128709291752769 0.8783100656536798
0.9354143466934853 0.9486832980505138
0.9354143466934853 0.9486832980505138
0.9354143466934853 0.9486832980505138
0.9354143466934853 0.9486832980505138
0.9583148474999099 0.996615895540124
0.9354143466934853 0.9486832980505138
0.9354143466934853 0.9486832980505138
0.9354143466934853 0.9486832980505138
0.9354143466934853 0.9486832980505138
0.9354143466934853 0.9486832980505138
0.8770580193070292 0.8944271909999159
0.9354143466934853 0.9486832980505138
0.8770580193070292 0.8944271909999159
0.9354143466934853 0.9486832980505138
0.9354143466934853 0.9486832980505138
0.9354143466934853 0.9486832980505138
0.9128709291752769 0.8783100656536798
0.9128709291752769 0.8783100656536798
0.8658487179917636 0.9462916232627815
0.9354143466934853 0.9486832980505138
0.9354143466934853 0.9486832980505138
0.9354143466934853 0.9486832980505138
0.9354143466934853 0.9486832980505138
0.9354143466934853 0.9486832980505138
0.9354143466934853 0.9486832980505138
0.9354143466934853 0.9486832980505138
0.8770580193070292 0.8944271909999159
0.9354143466934853 0.9486832980505138
0.9354143466934853 0.9486832980505138
0.8770580193070292 0.8944271909999159
0.9354143466934853 0.9486832980505138
0.9354143466934853 0.9486832980505138
0.9354143466934853 0.9486832980505138
0.9354143466934853 0.9486832980505138
0.9444444444444445 0.9669875568304563
0.9128709291752769 0.8783100656536798
0.9354143466934853 0.9486832980505138
0.9354143466934853 0.9486832980505138
0.9354143466934853 0.9486832980505138
0.9354143466934853 0.9486832980505138
0.8770580193070292 0.8944271909999159
0.8658487179917636 0.9462916232627815
0.9354143466934853 0.9486832980505138
0.9354143466934853 0.9486832980505138
0.9354143466934853 0.9486832980505138
0.9464847243000456 0.9970972362566878
0.9128709291752769 0.8783100656536798
0.9354143466934853 0.9486832980505138
0.9354143466934853 0.9486832980505138
0.9354143466934853 0.9486832980505138
0.9354143466934853 0.9486832980505138
0.9354143466934853 0.9486832980505138
0.9354143466934853 0.9486832980505138
0.9444444444444445 0.9669875568304563
0.9354143466934853 0.9486832980505138
0.9354143466934853 0.9486832980505138
0.9354143466934853 0.9486832980505138
0.9354143466934853 0.9486832980505138
0.9354143466934853 0.9486832980505138
0.8770580193070292 0.8944271909999159
0.9354143466934853 0.9486832980505138
0.9354143466934853 0.9486832980505138
0.9354143466934853 0.9486832980505138
0.9354143466934853 0.9486832980505138
0.9354143466934853 0.9486832980505138
0.9354143466934853 0.9486832980505138
0.715833989590879 0.9036961141150639
0.9354143466934853 0.9486832980505138
1.0 1.0000000000000002
0.9354143466934853 0.9486832980505138
0.9354143466934853 0.9486832980505138
0.7977240352174656 0.8981774262781437
0.9354143466934853 0.9486832980505138
0.9444444444444445 0.9669875568304563
0.9354143466934853 0.9486832980505138
0.8770580193070292 0.8944271909999159
0.9444444444444445 0.9669875568304563
0.8770580193070292 0.8944271909999159
0.9354143466934853 0.9486832980505138
0.9354143466934853 0.9486832980505138
0.9354143466934853 0.9486832980505138
0.8190283593479222 0.9486832980505139
0.9354143466934853 0.9486832980505138
0.9354143466934853 0.9486832980505138
0.9354143466934853 0.9486832980505138
0.9354143466934853 0.9486832980505138
0.9128709291752769 0.8783100656536798
0.9354143466934853 0.9486832980505138
0.8770580193070292 0.8944271909999159
0.9354143466934853 0.9486832980505138
0.8770580193070292 0.8944271909999159
0.9128709291752769 0.8783100656536798
0.9354143466934853 0.9486832980505138
0.9444444444444445 0.9669875568304563
0.9354143466934853 0.9486832980505138
0.9354143466934853 0.9486832980505138
1.0 1.0000000000000002
0.9354143466934853 0.9486832980505138
0.8770580193070292 0.8944271909999159
0.9354143466934853 0.9486832980505138
0.9128709291752769 0.8783100656536798
0.9354143466934853 0.9486832980505138
0.9354143466934853 0.9486832980505138
0.9354143466934853 0.9486832980505138
0.9354143466934853 0.9486832980505138
0.9354143466934853 0.9486832980505138
0.9128709291752769 0.9561828874675149
0.9354143466934853 0.9486832980505138
0.9354143466934853 0.9486832980505138
0.8658487179917636 0.9462916232627815
0.8770580193070292 0.8944271909999159
0.9354143466934853 0.9486832980505138
0.9464847243000456 0.9970972362566878
0.9354143466934853 0.9486832980505138
0.9128709291752769 0.9561828874675149
0.9354143466934853 0.9486832980505138
0.9128709291752769 0.8783100656536798
0.9354143466934853 0.9486832980505138
0.8770580193070292 0.8944271909999159
0.9354143466934853 0.9486832980505138
0.9354143466934853 0.9486832980505138
0.8770580193070292 0.8944271909999159
0.9354143466934853 0.9486832980505138
0.9354143466934853 0.9486832980505138
0.9354143466934853 0.9486832980505138
0.9354143466934853 0.9486832980505138
0.9354143466934853 0.9486832980505138
0.9128709291752769 0.8783100656536798
0.9354143466934853 0.9486832980505138
0.9354143466934853 0.9486832980505138
0.9354143466934853 0.9486832980505138
0.9354143466934853 0.9486832980505138
0.9354143466934853 0.9486832980505138
0.9354143466934853 0.9486832980505138
0.9354143466934853 0.9486832980505138
0.9354143466934853 0.9486832980505138
