0.9847319278346618 0.9647638212377322
0.9847319278346618 0.9647638212377322
0.960768922830523 0.9895939510354326
0.960768922830523 0.9895939510354326
0.9847319278346618 0.9647638212377322
0.9847319278346618 0.9647638212377321
0.9847319278346618 0.9647638212377321
0.8543520930590968 0.7570290920396076
0.9636241116594315 0.9639926182060736
0.9636241116594315 0.9639926182060736
0.9486832980505138 0.8669214468630111
0.9847319278346618 0.9647638212377321
0.9636241116594315 0.9639926182060736
0.9847319278346618 0.9647638212377322
0.9863939238321437 0.9561828874675149
0.9847319278346618 0.9647638212377321
0.9847319278346618 0.9647638212377322
0.9847319278346618 0.9647638212377322
0.9847319278346618 0.9647638212377321
0.9847319278346618 0.9647638212377323
0.9079593845004517 0.8378994400870036
0.9847319278346618 0.9647638212377321
0.9486832980505138 0.8669214468630112
0.9847319278346618 0.9647638212377322
0.920736884379251 0.9943679933016784
0.9636241116594315 0.9639926182060736
0.9486832980505138 0.8669214468630111
0.9847319278346618 0.9647638212377322
0.9847319278346618 0.9647638212377321
0.9847319278346618 0.9647638212377321
0.9486832980505138 0.8669214468630111
0.9847319278346618 0.9647638212377322
0.9847319278346618 0.9647638212377323
0.9682458365518541 0.9134441285505298
0.9888264649460883 0.9262521672071252
0.9847319278346618 0.9647638212377323
0.9847319278346618 0.9647638212377322
0.9847319278346618 0.9647638212377322
0.9863939238321437 0.9561828874675149
0.9847319278346618 0.9647638212377321
0.9847319278346618 0.9647638212377321
0.9847319278346618 0.9647638212377322
0.9885710532241613 0.8529988379498885
0.9847319278346618 0.9647638212377322
0.9847319278346618 0.9647638212377322
0.9863939238321437 0.9561828874675149
0.920736884379251 0.9943679933016784
0.9486832980505138 0.8669214468630112
0.9847319278346618 0.9647638212377323
0.9801960588196068 0.9925983474144718
0.9636241116594315 0.9639926182060736
0.9636241116594315 0.9639926182060736
0.9636241116594315 0.9639926182060736
0.9847319278346618 0.9647638212377321
0.9847319278346618 0.9647638212377321
0.9847319278346618 0.9647638212377322
0.9863939238321437 0.9561828874675149
0.9885710532241613 0.8529988379498885
0.9847319278346618 0.9647638212377321
0.9847319278346618 0.9647638212377322
0.960768922830523 0.9895939510354326
0.9486832980505138 0.8669214468630111
0.9863939238321437 0.9561828874675149
0.9847319278346618 0.9647638212377321
0.9847319278346618 0.9647638212377322
0.9847319278346618 0.9647638212377322
0.9847319278346618 0.9647638212377321
0.9636241116594315 0.9639926182060736
0.9885710532241613 0.8529988379498885
0.9847319278346618 0.9647638212377321
0.9847319278346618 0.9647638212377322
0.9847319278346618 0.9647638212377321
0.960768922830523 1.0
0.9847319278346618 0.9647638212377322
0.9847319278346618 0.9647638212377322
0.9847319278346618 0.9647638212377322
0.9847319278346618 0.9647638212377321
0.9847319278346618 0.9647638212377323
0.9847319278346618 0.9647638212377323
0.9863939238321437 0.9561828874675149
0.9847319278346618 0.9647638212377321
0.9847319278346618 0.9647638212377321
0.9847319278346618 0.9647638212377321
0.9885710532241613 0.8529988379498885
0.9847319278346618 0.9647638212377322
0.960768922830523 0.9895939510354324
0.9636241116594315 0.9639926182060736
0.9636241116594315 0.9639926182060736
0.9267780101164963 0.8304392332808164
0.9847319278346618 0.9647638212377321
0.9863939238321437 0.9561828874675149
0.9847319278346618 0.9647638212377321
0.9847319278346618 0.9647638212377322
0.9847319278346618 0.9647638212377321
0.9863939238321437 0.9561828874675149
0.9847319278346618 0.9647638212377322
0.9847319278346618 0.9647638212377322
0.9636241116594315 0.9639926182060736
0.9847319278346618 0.9647638212377322
0.9847319278346618 0.9647638212377322
0.9847319278346618 0.9647638212377321
0.9847319278346618 0.9647638212377322
0.9847319278346618 0.9647638212377323
0.9847319278346618 0.9647638212377321
0.9847319278346618 0.9647638212377322
0.9636241116594315 0.9639926182060736
0.9847319278346618 0.9647638212377323
0.9607689228305227 0.9683296637314885
0.9847319278346618 0.9647638212377322
0.9682458365518541 0.9134441285505298
0.9847319278346618 0.9647638212377322
0.9847319278346618 0.9647638212377321
0.9847319278346618 0.9647638212377321
0.9847319278346618 0.9647638212377322
0.9847319278346618 0.9647638212377322
0.9847319278346618 0.9647638212377322
0.9847319278346618 0.9647638212377323
0.9847319278346618 0.9647638212377321
0.9863939238321437 0.9561828874675149
0.9847319278346618 0.9647638212377323
0.9486832980505138 0.8669214468630111
0.9847319278346618 0.9647638212377322
0.9847319278346618 0.9647638212377322
0.9847319278346618 0.9647638212377322
0.9486832980505138 0.8669214468630111
0.9847319278346618 0.9647638212377322
0.9847319278346618 0.9647638212377321
0.9847319278346618 0.9647638212377323
0.9863939238321437 0.9561828874675149
0.9428090415820635 1.0
0.9847319278346618 0.9647638212377323
0.9847319278346618 0.9647638212377321
0.9847319278346618 0.9647638212377322
0.9847319278346618 0.9647638212377321
0.9682458365518541 0.9134441285505298
0.9847319278346618 0.9647638212377322
0.9847319278346618 0.9647638212377323
0.9847319278346618 0.9647638212377322
0.960768922830523 0.9895939510354326
0.9847319278346618 0.9647638212377321
0.9847319278346618 0.9647638212377322
0.9682458365518541 0.9134441285505298
0.9847319278346618 0.9647638212377322
0.9636241116594315 0.9639926182060736
0.9863939238321437 0.9561828874675149
0.9847319278346618 0.9647638212377323
0.9885710532241613 0.8529988379498885
0.9847319278346618 0.9647638212377321
0.9607689228305227 0.9683296637314885
0.9636241116594315 0.9639926182060736
0.9999999999999999 0.9647638212377322
0.9847319278346618 0.9647638212377322
0.9847319278346618 0.9647638212377322
0.9847319278346618 0.9647638212377321
0.9847319278346618 0.9647638212377323
0.9847319278346618 0.9647638212377322
0.9863939238321437 0.9561828874675149
0.9847319278346618 0.9647638212377322
0.9847319278346618 0.9647638212377322
0.9486832980505138 0.8669214468630111
0.9847319278346618 0.9647638212377322
0.9847319278346618 0.9647638212377323
0.9486832980505138 0.8669214468630112
0.9636241116594315 0.9639926182060736
0.9847319278346618 0.9647638212377321
0.9847319278346618 0.9647638212377321
0.9863939238321437 0.9561828874675149
0.9847319278346618 0.9647638212377322
0.9486832980505138 0.8669214468630112
0.9863939238321437 0.9561828874675149
0.9847319278346618 0.9647638212377321
0.9847319278346618 0.9647638212377321
0.9847319278346618 0.9647638212377321
0.9847319278346618 0.9647638212377322
0.9486832980505138 0.8669214468630112
0.9847319278346618 0.9647638212377322
0.9847319278346618 0.9647638212377321
0.9847319278346618 0.9647638212377321
0.9847319278346618 0.9647638212377322
0.9636241116594315 0.9639926182060736
0.9607689228305227 0.9683296637314885
0.9847319278346618 0.9647638212377322
0.9847319278346618 0.9647638212377321
0.9847319278346618 0.9647638212377322
0.9847319278346618 0.9647638212377322
0.9847319278346618 0.9647638212377321
0.9847319278346618 0.9647638212377322
0.9863939238321437 0.9561828874675149
0.9847319278346618 0.9647638212377322
0.9847319278346618 0.9647638212377321
0.9486832980505138 0.8669214468630112
0.9847319278346618 0.9647638212377322
0.9863939238321437 0.9561828874675149
0.9863939238321437 0.9561828874675149
0.9847319278346618 0.9647638212377322
0.9847319278346618 0.9647638212377321
0.9636241116594315 0.9639926182060736
0.9847319278346618 0.9647638212377322
0.9847319278346618 0.9647638212377322
0.960768922830523 1.0
0.9847319278346618 0.9647638212377321
0.9885710532241613 0.8529988379498885
0.9863939238321437 0.9561828874675149
0.9847319278346618 0.9647638212377322
0.9847319278346618 0.9647638212377323
0.9847319278346618 0.9647638212377321
0.9636241116594315 0.9639926182060736
0.9363821838346235 0.8272886287318754
0.9847319278346618 0.9647638212377323
0.9847319278346618 0.9647638212377321
0.9847319278346618 0.9647638212377321
0.9847319278346618 0.9647638212377321
0.9636241116594315 0.9639926182060736
0.9847319278346618 0.9647638212377322
0.9847319278346618 0.9647638212377322
0.9847319278346618 0.9647638212377321
0.9486832980505138 0.8669214468630112
0.9847319278346618 0.9647638212377322
0.9847319278346618 0.9647638212377323
0.9847319278346618 0.9647638212377321
0.9863939238321437 0.9561828874675149
0.9885710532241613 0.8529988379498885
0.9636241116594315 0.9639926182060736
0.9847319278346618 0.9647638212377322
0.9863939238321437 0.9561828874675149
0.9636241116594315 0.9639926182060736
0.9847319278346618 0.9647638212377322
0.9863939238321437 0.9561828874675149
0.9847319278346618 0.9647638212377322
0.9847319278346618 0.9647638212377322
0.9847319278346618 0.9647638212377322
0.9847319278346618 0.9647638212377323
0.9847319278346618 0.9647638212377322
0.9583148474999098 0.9953064455909651
0.9847319278346618 0.9647638212377322
0.9847319278346618 0.9647638212377322
0.9847319278346618 0.9647638212377323
0.9636241116594315 0.9639926182060736
0.9682458365518541 0.9134441285505298
0.9847319278346618 0.9647638212377322
0.9486832980505138 0.8669214468630112
0.9847319278346618 0.9647638212377321
0.8543520930590968 0.7570290920396076
0.9847319278346618 0.9647638212377322
0.9847319278346618 0.9647638212377323
0.9847319278346618 0.9647638212377322
0.960768922830523 0.9895939510354326
0.9847319278346618 0.9647638212377322
0.9863939238321437 0.9561828874675149
0.9863939238321437 0.9561828874675149
0.960768922830523 1.0
0.9486832980505138 0.8669214468630112
0.9847319278346618 0.9647638212377322
0.9847319278346618 0.9647638212377321
0.9847319278346618 0.9647638212377323
0.9607689228305227 0.9683296637314885
0.9847319278346618 0.9647638212377321
0.9486832980505138 0.8669214468630111
0.9847319278346618 0.9647638212377321
0.9847319278346618 0.9647638212377321
0.9847319278346618 0.9647638212377321
0.9847319278346618 0.9647638212377323
0.9847319278346618 0.9647638212377321
0.9636241116594315 0.9639926182060736
0.9847319278346618 0.9647638212377321
0.9847319278346618 0.9647638212377322
0.9636241116594315 0.9639926182060736
0.9847319278346618 0.9647638212377322
0.9636241116594315 0.9639926182060736
0.9583148474999098 0.9953064455909651
0.9636241116594315 0.9639926182060736
0.9847319278346618 0.9647638212377321
0.9847319278346618 0.9647638212377321
0.9847319278346618 0.9647638212377322
0.9847319278346618 0.9647638212377321
0.9847319278346618 0.9647638212377322
0.9847319278346618 0.9647638212377322
0.9847319278346618 0.9647638212377323
0.9293203772845852 0.911382073529328
0.9863939238321437 0.9561828874675149
0.9847319278346618 0.9647638212377322
0.9863939238321437 0.9561828874675149
0.9888264649460883 0.9262521672071252
0.9847319278346618 0.9647638212377321
0.9486832980505138 0.8669214468630111
0.9847319278346618 0.9647638212377323
0.9847319278346618 0.9647638212377321
0.9847319278346618 0.9647638212377322
0.9847319278346618 0.9647638212377322
0.9847319278346618 0.9647638212377323
0.9847319278346618 0.9647638212377321
0.9583148474999098 0.9953064455909651
0.9847319278346618 0.9647638212377322
0.9486832980505138 0.8669214468630111
0.9607689228305227 0.9683296637314885
0.9486832980505138 0.8669214468630111
0.9847319278346618 0.9647638212377321
0.9847319278346618 0.9647638212377322
0.9847319278346618 0.9647638212377321
0.9847319278346618 0.9647638212377323
0.9636241116594315 0.9639926182060736
0.9847319278346618 0.9647638212377322
0.9847319278346618 0.9647638212377322
0.9847319278346618 0.9647638212377322
0.9636241116594315 0.9639926182060736
0.9847319278346618 0.9647638212377321
0.9486832980505138 0.8669214468630111
0.9847319278346618 0.9647638212377322
0.9486832980505138 0.8669214468630112
0.9636241116594315 0.9639926182060736
0.9847319278346618 0.9647638212377322
0.9847319278346618 0.9647638212377322
0.9847319278346618 0.9647638212377321
0.9847319278346618 0.9647638212377322
0.9847319278346618 0.9647638212377322
0.9636241116594315 0.9639926182060736
0.9847319278346618 0.9647638212377322
0.9847319278346618 0.9647638212377321
0.9863939238321437 0.9561828874675149
0.9847319278346618 0.9647638212377322
0.9636241116594315 0.9639926182060736
0.9847319278346618 0.9647638212377321
0.9885710532241613 0.8529988379498885
0.9847319278346618 0.9647638212377322
0.9847319278346618 0.9647638212377321
0.9847319278346618 0.9647638212377323
0.9847319278346618 0.9647638212377321
0.9486832980505138 0.8669214468630111
0.9636241116594315 0.9639926182060736
0.9863939238321437 0.9561828874675149
0.9847319278346618 0.9647638212377321
0.9847319278346618 0.9647638212377322
0.9847319278346618 0.9647638212377321
0.9847319278346618 0.9647638212377321
0.9607689228305227 0.9683296637314885
0.9888264649460883 0.9262521672071252
0.9486832980505138 0.8669214468630112
0.9486832980505138 0.8669214468630112
0.9607689228305227 0.9683296637314885
0.9847319278346618 0.9647638212377321
0.9847319278346618 0.9647638212377323
0.9847319278346618 0.9647638212377322
0.9428090415820635 1.0
0.9847319278346618 0.9647638212377322
0.9847319278346618 0.9647638212377323
0.9847319278346618 0.9647638212377322
0.9847319278346618 0.9647638212377322
0.9428090415820635 1.0
0.9847319278346618 0.9647638212377322
0.9847319278346618 0.9647638212377321
0.9863939238321437 0.9561828874675149
0.9847319278346618 0.9647638212377323
0.9636241116594315 0.9639926182060736
0.9847319278346618 0.9647638212377322
0.9863939238321437 0.9561828874675149
0.9847319278346618 0.9647638212377321
0.9863939238321437 0.9561828874675149
0.9847319278346618 0.9647638212377321
0.9847319278346618 0.9647638212377321
0.9863939238321437 0.9561828874675149
0.9847319278346618 0.9647638212377321
0.9847319278346618 0.9647638212377322
0.9847319278346618 0.9647638212377322
0.9888264649460883 0.9262521672071252
0.9607689228305227 0.9683296637314885
0.9847319278346618 0.9647638212377322
0.9847319278346618 0.9647638212377322
0.9847319278346618 0.9647638212377321
0.9847319278346618 0.9647638212377321
0.9847319278346618 0.9647638212377321
0.9863939238321437 0.9561828874675149
0.9847319278346618 0.9647638212377321
0.9847319278346618 0.9647638212377323
0.9885710532241613 0.8529988379498885
0.9636241116594315 0.9639926182060736
0.9847319278346618 0.9647638212377321
0.9847319278346618 0.9647638212377321
0.9847319278346618 0.9647638212377323
0.960768922830523 1.0
0.960768922830523 1.0
0.9847319278346618 0.9647638212377321
0.9847319278346618 0.9647638212377322
0.9847319278346618 0.9647638212377322
0.9847319278346618 0.9647638212377321
0.9486832980505138 0.8669214468630111
0.9847319278346618 0.9647638212377323
0.9486832980505138 0.8669214468630111
0.9486832980505138 0.8669214468630111
0.9636241116594315 0.9639926182060736
0.9847319278346618 0.9647638212377321
0.9847319278346618 0.9647638212377321
0.9847319278346618 0.9647638212377321
0.9863939238321437 0.9561828874675149
0.9847319278346618 0.9647638212377322
0.9847319278346618 0.9647638212377321
0.9847319278346618 0.9647638212377321
0.9847319278346618 0.9647638212377321
0.9486832980505138 0.8669214468630111
0.9847319278346618 0.9647638212377322
0.9847319278346618 0.9647638212377321
0.9636241116594315 0.9639926182060736
0.9847319278346618 0.9647638212377321
0.9847319278346618 0.9647638212377321
0.9847319278346618 0.9647638212377321
0.9847319278346618 0.9647638212377321
0.9847319278346618 0.9647638212377321
0.9847319278346618 0.9647638212377322
0.9636241116594315 0.9639926182060736
0.9863939238321437 0.9561828874675149
0.9847319278346618 0.9647638212377322
0.9847319278346618 0.9647638212377323
0.9847319278346618 0.9647638212377321
0.9847319278346618 0.9647638212377321
0.9847319278346618 0.9647638212377322
0.9847319278346618 0.9647638212377322
0.893819357296686 0.843627657551845
0.9847319278346618 0.9647638212377322
0.9847319278346618 0.9647638212377321
0.9636241116594315 0.9639926182060736
0.9847319278346618 0.9647638212377321
0.9885710532241613 0.8529988379498885
0.9847319278346618 0.9647638212377321
0.9847319278346618 0.9647638212377321
0.9847319278346618 0.9647638212377321
0.9888264649460883 0.9262521672071252
0.9847319278346618 0.9647638212377321
0.9863939238321437 0.9561828874675149
0.9863939238321437 0.9561828874675149
0.9636241116594315 0.9639926182060736
0.9636241116594315 0.9639926182060736
0.9486832980505138 0.8669214468630111
0.9847319278346618 0.9647638212377321
0.9847319278346618 0.9647638212377322
0.9847319278346618 0.9647638212377321
0.9847319278346618 0.9647638212377321
0.9863939238321437 0.9561828874675149
0.9847319278346618 0.9647638212377322
0.9607689228305227 0.9683296637314885
0.9847319278346618 0.9647638212377322
0.9682458365518541 0.9134441285505298
0.9847319278346618 0.9647638212377321
0.9847319278346618 0.9647638212377322
0.9847319278346618 0.9647638212377321
0.9847319278346618 0.9647638212377322
0.9847319278346618 0.9647638212377321
0.9847319278346618 0.9647638212377321
0.9847319278346618 0.9647638212377321
0.9636241116594315 0.9639926182060736
0.9636241116594315 0.9639926182060736
0.9863939238321437 0.9561828874675149
0.9847319278346618 0.9647638212377322
0.9636241116594315 0.9639926182060736
0.9847319278346618 0.9647638212377321
0.9863939238321437 0.9561828874675149
0.9847319278346618 0.9647638212377321
0.9863939238321437 0.9561828874675149
0.960768922830523 0.9895939510354326
0.9863939238321437 0.9561828874675149
0.9847319278346618 0.9647638212377322
0.9847319278346618 0.9647638212377323
0.9847319278346618 0.9647638212377321
0.9863939238321437 0.9561828874675149
0.9863939238321437 0.9561828874675149
0.9607689228305227 0.9683296637314885
0.9863939238321437 0.9561828874675149
0.9636241116594315 0.9639926182060736
0.9847319278346618 0.9647638212377321
0.9847319278346618 0.9647638212377321
0.9847319278346618 0.9647638212377321
0.9847319278346618 0.9647638212377323
0.9607689228305227 0.9683296637314885
0.9847319278346618 0.9647638212377322
0.9847319278346618 0.9647638212377322
0.9847319278346618 0.9647638212377321
0.9079593845004517 0.8378994400870035
0.9486832980505138 0.8669214468630112
0.8846517369293828 0.8091808741252016
0.9682458365518541 0.9134441285505298
0.9847319278346618 0.9647638212377322
0.9847319278346618 0.9647638212377321
0.9863939238321437 0.9561828874675149
0.9847319278346618 0.9647638212377323
0.9847319278346618 0.9647638212377322
0.9863939238321437 0.9561828874675149
0.9999999999999999 0.9647638212377322
0.9847319278346618 0.9647638212377321
0.9847319278346618 0.9647638212377321
0.9847319278346618 0.9647638212377321
0.9847319278346618 0.9647638212377322
0.9636241116594315 0.9639926182060736
0.9863939238321437 0.9561828874675149
0.9847319278346618 0.9647638212377322
0.9847319278346618 0.9647638212377321
0.9486832980505138 0.8669214468630111
0.9885710532241613 0.8529988379498885
0.9636241116594315 0.9639926182060736
0.9847319278346618 0.9647638212377321
0.9847319278346618 0.9647638212377322
0.9636241116594315 0.9639926182060736
0.9847319278346618 0.9647638212377321
0.9863939238321437 0.9561828874675149
0.9636241116594315 0.9639926182060736
0.9847319278346618 0.9647638212377321
0.9847319278346618 0.9647638212377323
0.9486832980505138 0.8669214468630111
0.9636241116594315 0.9639926182060736
0.9847319278346618 0.9647638212377321
0.920736884379251 0.8164319174006083
0.9847319278346618 0.9647638212377322
0.9847319278346618 0.9647638212377322
0.9847319278346618 0.9647638212377322
0.9847319278346618 0.9647638212377323
0.9847319278346618 0.9647638212377321
0.9847319278346618 0.9647638212377321
0.9847319278346618 0.9647638212377321
0.9847319278346618 0.9647638212377322
0.9847319278346618 0.9647638212377322
0.9885710532241613 0.8529988379498885
0.9847319278346618 0.9647638212377321
0.9847319278346618 0.9647638212377321
0.9486832980505138 0.8669214468630111
0.9847319278346618 0.9647638212377322
0.9847319278346618 0.9647638212377322
0.9847319278346618 0.9647638212377322
0.9847319278346618 0.9647638212377322
0.9847319278346618 0.9647638212377322
0.9847319278346618 0.9647638212377321
0.9847319278346618 0.9647638212377321
0.9847319278346618 0.9647638212377321
0.9847319278346618 0.9647638212377322
0.9847319278346618 0.9647638212377321
0.9847319278346618 0.9647638212377321
0.9486832980505138 0.8669214468630112
0.9636241116594315 0.9639926182060736
0.9847319278346618 0.9647638212377321
0.9847319278346618 0.9647638212377323
0.9847319278346618 0.9647638212377322
0.9847319278346618 0.9647638212377321
0.9847319278346618 0.9647638212377322
0.9847319278346618 0.9647638212377322
0.9863939238321437 0.9561828874675149
0.9847319278346618 0.9647638212377322
0.9999999999999999 0.9647638212377322
0.9847319278346618 0.9647638212377321
0.9847319278346618 0.9647638212377322
0.9847319278346618 0.9647638212377322
0.9847319278346618 0.9647638212377321
0.9847319278346618 0.9647638212377321
0.9885710532241613 0.8529988379498885
0.9847319278346618 0.9647638212377322
0.9847319278346618 0.9647638212377321
0.9847319278346618 0.9647638212377322
0.9847319278346618 0.9647638212377323
0.9885710532241613 0.8529988379498885
0.9847319278346618 0.9647638212377322
0.9636241116594315 0.9639926182060736
0.9847319278346618 0.9647638212377321
0.9847319278346618 0.9647638212377322
0.9847319278346618 0.9647638212377322
0.9863939238321437 0.9561828874675149
0.9636241116594315 0.9639926182060736
0.9847319278346618 0.9647638212377322
0.9847319278346618 0.9647638212377322
0.9847319278346618 0.9647638212377322
0.9847319278346618 0.9647638212377322
0.9847319278346618 0.9647638212377322
0.9847319278346618 0.9647638212377322
0.9847319278346618 0.9647638212377322
0.9847319278346618 0.9647638212377322
0.9999999999999999 0.9647638212377322
0.960768922830523 1.0000000000000002
0.9847319278346618 0.9647638212377321
0.9847319278346618 0.9647638212377321
0.9847319278346618 0.9647638212377322
0.9847319278346618 0.9647638212377322
0.9847319278346618 0.9647638212377321
0.9847319278346618 0.9647638212377322
0.9847319278346618 0.9647638212377322
0.9847319278346618 0.9647638212377323
0.920736884379251 0.9943679933016784
0.9847319278346618 0.9647638212377323
0.9847319278346618 0.9647638212377323
0.9847319278346618 0.9647638212377323
0.9486832980505138 0.8669214468630112
0.9428090415820635 1.0
0.9847319278346618 0.9647638212377322
0.9847319278346618 0.9647638212377322
0.9847319278346618 0.9647638212377321
0.9636241116594315 0.9639926182060736
0.9847319278346618 0.9647638212377321
0.9607689228305227 0.9683296637314885
0.9847319278346618 0.9647638212377321
0.9847319278346618 0.9647638212377322
0.9486832980505138 0.8669214468630111
0.960768922830523 0.9895939510354326
0.9847319278346618 0.9647638212377322
0.960768922830523 1.0
0.9636241116594315 0.9639926182060736
0.9847319278346618 0.9647638212377322
0.9636241116594315 0.9639926182060736
0.9428090415820635 1.0000000000000002
0.9888264649460883 0.9262521672071252
0.9486832980505138 0.8669214468630111
0.9847319278346618 0.9647638212377321
0.9847319278346618 0.9647638212377322
0.9847319278346618 0.9647638212377322
0.9847319278346618 0.9647638212377321
0.9847319278346618 0.9647638212377323
0.9847319278346618 0.9647638212377321
0.9636241116594315 0.9639926182060736
0.9863939238321437 0.9561828874675149
0.9847319278346618 0.9647638212377321
0.9428090415820635 1.0
0.9847319278346618 0.9647638212377323
0.9847319278346618 0.9647638212377322
0.9888264649460883 0.9262521672071252
0.9486832980505138 0.8669214468630111
0.9636241116594315 0.9639926182060736
0.9847319278346618 0.9647638212377321
0.9428090415820635 1.0000000000000002
0.9847319278346618 0.9647638212377322
0.9863939238321437 0.9561828874675149
0.9847319278346618 0.9647638212377322
0.9847319278346618 0.9647638212377321
0.9847319278346618 0.9647638212377321
0.9847319278346618 0.9647638212377321
0.9847319278346618 0.9647638212377323
0.9847319278346618 0.9647638212377321
0.9847319278346618 0.9647638212377322
0.9847319278346618 0.9647638212377321
0.9636241116594315 0.9639926182060736
0.960768922830523 1.0
0.9847319278346618 0.9647638212377322
0.9847319278346618 0.9647638212377321
0.9847319278346618 0.9647638212377321
0.9885710532241613 0.8529988379498885
0.920736884379251 0.9943679933016784
0.9847319278346618 0.9647638212377322
0.9847319278346618 0.9647638212377321
0.9486832980505138 0.8669214468630111
0.9847319278346618 0.9647638212377321
0.9847319278346618 0.9647638212377321
0.9847319278346618 0.9647638212377322
0.9847319278346618 0.9647638212377321
0.893819357296686 0.843627657551845
0.9636241116594315 0.9639926182060736
0.9293203772845852 0.911382073529328
0.9847319278346618 0.9647638212377322
0.9863939238321437 0.9561828874675149
0.9847319278346618 0.9647638212377321
0.9847319278346618 0.9647638212377321
0.9847319278346618 0.9647638212377322
0.9847319278346618 0.9647638212377322
0.9847319278346618 0.9647638212377321
0.9847319278346618 0.9647638212377321
0.9863939238321437 0.9561828874675149
0.9847319278346618 0.9647638212377321
0.9847319278346618 0.9647638212377322
0.9847319278346618 0.9647638212377323
0.9636241116594315 0.9639926182060736
0.9847319278346618 0.9647638212377322
0.9847319278346618 0.9647638212377323
0.9486832980505138 0.8669214468630111
0.9847319278346618 0.9647638212377321
0.9863939238321437 0.9561828874675149
0.9847319278346618 0.9647638212377322
0.9847319278346618 0.9647638212377321
0.9847319278346618 0.9647638212377322
0.9847319278346618 0.9647638212377322
0.9847319278346618 0.9647638212377321
0.9636241116594315 0.9639926182060736
0.9847319278346618 0.9647638212377321
0.9486832980505138 0.8669214468630111
0.9847319278346618 0.9647638212377321
0.9863939238321437 0.9561828874675149
0.9847319278346618 0.9647638212377323
0.9847319278346618 0.9647638212377321
0.9847319278346618 0.9647638212377322
0.9847319278346618 0.9647638212377322
0.9847319278346618 0.9647638212377322
0.9847319278346618 0.9647638212377321
0.9863939238321437 0.9561828874675149
0.9847319278346618 0.9647638212377321
0.9636241116594315 0.9639926182060736
0.9847319278346618 0.9647638212377321
0.9636241116594315 0.9639926182060736
0.9888264649460883 0.9262521672071252
0.9847319278346618 0.9647638212377322
0.9888264649460883 0.9262521672071252
0.9486832980505138 0.8669214468630111
0.9486832980505138 0.8669214468630111
0.9847319278346618 0.9647638212377323
0.9847319278346618 0.9647638212377322
0.9847319278346618 0.9647638212377321
0.9847319278346618 0.9647638212377322
0.9636241116594315 0.9639926182060736
0.9847319278346618 0.9647638212377321
0.9863939238321437 0.9561828874675149
0.9486832980505138 0.8669214468630112
0.9847319278346618 0.9647638212377321
0.9863939238321437 0.9561828874675149
0.9847319278346618 0.9647638212377321
0.9847319278346618 0.9647638212377321
0.9486832980505138 0.8669214468630111
0.9863939238321437 0.9561828874675149
0.9847319278346618 0.9647638212377322
0.9847319278346618 0.9647638212377323
0.9847319278346618 0.9647638212377322
0.9847319278346618 0.9647638212377321
0.9847319278346618 0.9647638212377322
0.9847319278346618 0.9647638212377323
0.9847319278346618 0.9647638212377323
0.9885710532241613 0.8529988379498885
0.9847319278346618 0.9647638212377321
0.9847319278346618 0.9647638212377321
0.9847319278346618 0.9647638212377322
0.9847319278346618 0.9647638212377322
0.9847319278346618 0.9647638212377321
0.9847319278346618 0.9647638212377323
0.9636241116594315 0.9639926182060736
0.9847319278346618 0.9647638212377322
0.9486832980505138 0.8669214468630112
0.9847319278346618 0.9647638212377322
0.9847319278346618 0.9647638212377321
0.9847319278346618 0.9647638212377323
0.9847319278346618 0.9647638212377322
0.9847319278346618 0.9647638212377322
0.9847319278346618 0.9647638212377321
0.9847319278346618 0.9647638212377323
0.9847319278346618 0.9647638212377321
0.9847319278346618 0.9647638212377321
0.9847319278346618 0.9647638212377321
0.9486832980505138 0.8669214468630112
0.9486832980505138 0.8669214468630112
0.9211323729436764 1.0
0.9486832980505138 0.8669214468630112
0.9885710532241613 0.8529988379498885
0.9847319278346618 0.9647638212377321
0.9863939238321437 0.9561828874675149
0.9607689228305227 0.9683296637314885
0.9607689228305227 0.9683296637314885
0.9636241116594315 0.9639926182060736
0.9486832980505138 0.8669214468630112
0.9847319278346618 0.9647638212377321
0.9636241116594315 0.9639926182060736
0.9079593845004517 0.8378994400870035
0.9847319278346618 0.9647638212377323
0.9847319278346618 0.9647638212377322
0.9847319278346618 0.9647638212377323
0.9847319278346618 0.9647638212377322
0.9079593845004517 0.8378994400870035
0.9847319278346618 0.9647638212377321
0.9636241116594315 0.9639926182060736
0.9847319278346618 0.9647638212377322
0.9636241116594315 0.9639926182060736
0.9847319278346618 0.9647638212377321
0.9847319278346618 0.9647638212377321
0.9847319278346618 0.9647638212377322
0.9847319278346618 0.9647638212377321
0.9847319278346618 0.9647638212377321
0.9847319278346618 0.9647638212377321
0.9888264649460883 0.9262521672071252
0.9847319278346618 0.9647638212377323
0.9847319278346618 0.9647638212377322
0.9847319278346618 0.9647638212377322
0.9847319278346618 0.9647638212377321
0.9847319278346618 0.9647638212377321
0.9847319278346618 0.9647638212377321
0.9847319278346618 0.9647638212377322
0.9847319278346618 0.9647638212377322
0.9847319278346618 0.9647638212377322
0.9847319278346618 0.9647638212377321
0.9888264649460883 0.9262521672071252
0.9847319278346618 0.9647638212377321
0.9847319278346618 0.9647638212377321
0.9847319278346618 0.9647638212377321
0.9486832980505138 0.8669214468630112
0.9847319278346618 0.9647638212377321
0.9847319278346618 0.9647638212377323
0.9847319278346618 0.9647638212377322
0.9847319278346618 0.9647638212377321
0.9636241116594315 0.9639926182060736
0.9847319278346618 0.9647638212377321
0.9400643223910576 0.9345507010964664
0.9847319278346618 0.9647638212377323
0.9486832980505138 0.8669214468630111
0.960768922830523 1.0
0.9847319278346618 0.9647638212377321
0.9847319278346618 0.9647638212377322
0.9888264649460883 0.9262521672071252
0.9079593845004517 0.8378994400870036
0.9847319278346618 0.9647638212377321
0.9847319278346618 0.9647638212377322
0.9847319278346618 0.9647638212377321
0.9847319278346618 0.9647638212377322
0.9607689228305227 0.9683296637314885
0.9847319278346618 0.9647638212377321
0.9847319278346618 0.9647638212377321
0.9636241116594315 0.9639926182060736
0.9636241116594315 0.9639926182060736
0.9847319278346618 0.9647638212377322
0.9847319278346618 0.9647638212377322
0.9847319278346618 0.9647638212377322
0.9847319278346618 0.9647638212377322
0.9847319278346618 0.9647638212377322
0.9863939238321437 0.9561828874675149
0.9847319278346618 0.9647638212377322
0.9847319278346618 0.9647638212377321
0.9847319278346618 0.9647638212377322
0.9847319278346618 0.9647638212377321
0.9847319278346618 0.9647638212377323
0.9847319278346618 0.9647638212377322
0.9636241116594315 0.9639926182060736
0.9847319278346618 0.9647638212377322
0.9607689228305227 0.9683296637314885
0.9847319278346618 0.9647638212377322
0.960768922830523 0.9895939510354326
0.9847319278346618 0.9647638212377321
0.9847319278346618 0.9647638212377323
0.9885710532241613 0.8529988379498885
0.9847319278346618 0.9647638212377323
0.9847319278346618 0.9647638212377322
0.9863939238321437 0.9561828874675149
0.9847319278346618 0.9647638212377322
0.9847319278346618 0.9647638212377323
0.9847319278346618 0.9647638212377321
0.9847319278346618 0.9647638212377322
0.9847319278346618 0.9647638212377323
0.9847319278346618 0.9647638212377323
0.9847319278346618 0.9647638212377323
0.9847319278346618 0.9647638212377321
0.9847319278346618 0.9647638212377322
0.9847319278346618 0.9647638212377321
0.9863939238321437 0.9561828874675149
0.9847319278346618 0.9647638212377323
0.960768922830523 1.0
0.960768922830523 1.0
0.9847319278346618 0.9647638212377323
0.9885710532241613 0.8529988379498885
0.9636241116594315 0.9639926182060736
0.9636241116594315 0.9639926182060736
0.9847319278346618 0.9647638212377322
0.9636241116594315 0.9639926182060736
0.9847319278346618 0.9647638212377323
0.9775252199076787 0.8581409798076417
0.9636241116594315 0.9639926182060736
0.9847319278346618 0.9647638212377322
0.9847319278346618 0.9647638212377322
0.9863939238321437 0.9561828874675149
0.9636241116594315 0.9639926182060736
0.9847319278346618 0.9647638212377322
0.9486832980505138 0.8669214468630112
0.9079593845004517 0.8378994400870035
0.9486832980505138 0.8669214468630111
0.9486832980505138 0.8669214468630112
0.9486832980505138 0.8669214468630112
0.9847319278346618 0.9647638212377322
0.9847319278346618 0.9647638212377323
0.9847319278346618 0.9647638212377321
0.9847319278346618 0.9647638212377321
0.9863939238321437 0.9561828874675149
0.9847319278346618 0.9647638212377321
0.9847319278346618 0.9647638212377321
0.9863939238321437 0.9561828874675149
0.9847319278346618 0.9647638212377322
0.9847319278346618 0.9647638212377322
0.9847319278346618 0.9647638212377322
0.9847319278346618 0.9647638212377322
0.9801960588196068 0.9925983474144718
0.9847319278346618 0.9647638212377322
0.9847319278346618 0.9647638212377321
0.9847319278346618 0.9647638212377321
0.9847319278346618 0.9647638212377321
0.9847319278346618 0.9647638212377322
0.9636241116594315 0.9639926182060736
0.9847319278346618 0.9647638212377322
0.9636241116594315 0.9639926182060736
0.9847319278346618 0.9647638212377321
0.9847319278346618 0.9647638212377322
0.9847319278346618 0.9647638212377321
0.9863939238321437 0.9561828874675149
0.9863939238321437 0.9561828874675149
0.9885710532241613 0.8529988379498885
0.9847319278346618 0.9647638212377321
0.9847319278346618 0.9647638212377322
0.9847319278346618 0.9647638212377323
0.9847319278346618 0.9647638212377322
0.9847319278346618 0.9647638212377323
0.9847319278346618 0.9647638212377321
0.9847319278346618 0.9647638212377321
0.9636241116594315 0.9639926182060736
0.9847319278346618 0.9647638212377321
0.9847319278346618 0.9647638212377321
0.9636241116594315 0.9639926182060736
0.9847319278346618 0.9647638212377321
0.9847319278346618 0.9647638212377321
0.9847319278346618 0.9647638212377322
0.9847319278346618 0.9647638212377322
0.9486832980505138 0.8669214468630111
0.9863939238321437 0.9561828874675149
0.9847319278346618 0.9647638212377321
0.9847319278346618 0.9647638212377323
0.9847319278346618 0.9647638212377322
0.9847319278346618 0.9647638212377321
0.9636241116594315 0.9639926182060736
0.9885710532241613 0.8529988379498885
0.9847319278346618 0.9647638212377321
0.9847319278346618 0.9647638212377321
0.9847319278346618 0.9647638212377321
0.960768922830523 0.9895939510354326
0.9863939238321437 0.9561828874675149
0.9847319278346618 0.9647638212377323
0.9847319278346618 0.9647638212377323
0.9847319278346618 0.9647638212377323
0.9847319278346618 0.9647638212377321
0.9847319278346618 0.9647638212377322
0.9847319278346618 0.9647638212377322
0.9486832980505138 0.8669214468630112
0.9847319278346618 0.9647638212377321
0.9847319278346618 0.9647638212377321
0.9847319278346618 0.9647638212377321
0.9847319278346618 0.9647638212377321
0.9847319278346618 0.9647638212377322
0.9636241116594315 0.9639926182060736
0.9847319278346618 0.9647638212377322
0.9847319278346618 0.9647638212377322
0.9847319278346618 0.9647638212377322
0.9847319278346618 0.9647638212377321
0.9847319278346618 0.9647638212377321
0.9847319278346618 0.9647638212377321
0.9682458365518541 0.9134441285505298
0.9847319278346618 0.9647638212377321
0.960768922830523 1.0
0.9847319278346618 0.9647638212377321
0.9847319278346618 0.9647638212377322
0.9888264649460883 0.9262521672071252
0.9847319278346618 0.9647638212377321
0.9486832980505138 0.8669214468630111
0.9847319278346618 0.9647638212377323
0.9636241116594315 0.9639926182060736
0.9486832980505138 0.8669214468630111
0.9636241116594315 0.9639926182060736
0.9847319278346618 0.9647638212377322
0.9847319278346618 0.9647638212377321
0.9847319278346618 0.9647638212377322
0.8846517369293828 0.8091808741252016
0.9847319278346618 0.9647638212377321
0.9847319278346618 0.9647638212377321
0.9847319278346618 0.9647638212377323
0.9847319278346618 0.9647638212377323
0.9863939238321437 0.9561828874675149
0.9847319278346618 0.9647638212377323
0.9636241116594315 0.9639926182060736
0.9847319278346618 0.9647638212377323
0.9636241116594315 0.9639926182060736
0.9863939238321437 0.9561828874675149
0.9847319278346618 0.9647638212377321
0.9486832980505138 0.8669214468630112
0.9847319278346618 0.9647638212377323
0.9847319278346618 0.9647638212377322
0.960768922830523 1.0
0.9847319278346618 0.9647638212377321
0.9636241116594315 0.9639926182060736
0.9847319278346618 0.9647638212377323
0.9863939238321437 0.9561828874675149
0.9999999999999999 0.9647638212377322
0.9847319278346618 0.9647638212377321
0.9847319278346618 0.9647638212377323
0.9847319278346618 0.9647638212377322
0.9847319278346618 0.9647638212377322
0.9607689228305227 0.9683296637314885
0.9847319278346618 0.9647638212377321
0.9847319278346618 0.9647638212377321
0.9885710532241613 0.8529988379498885
0.9636241116594315 0.9639926182060736
0.9847319278346618 0.9647638212377322
0.960768922830523 0.9895939510354326
0.9847319278346618 0.9647638212377321
0.9607689228305227 0.9683296637314885
0.9847319278346618 0.9647638212377322
0.9863939238321437 0.9561828874675149
0.9847319278346618 0.9647638212377321
0.9636241116594315 0.9639926182060736
0.9847319278346618 0.9647638212377322
0.9847319278346618 0.9647638212377321
0.9636241116594315 0.9639926182060736
0.9847319278346618 0.9647638212377322
0.9847319278346618 0.9647638212377322
0.9847319278346618 0.9647638212377322
0.9847319278346618 0.9647638212377322
0.9847319278346618 0.9647638212377322
0.9863939238321437 0.9561828874675149
0.9847319278346618 0.9647638212377321
0.9847319278346618 0.9647638212377321
0.9847319278346618 0.9647638212377321
0.9847319278346618 0.9647638212377322
0.9847319278346618 0.9647638212377322
0.9847319278346618 0.9647638212377322
0.9847319278346618 0.9647638212377321
0.9847319278346618 0.9647638212377323
