0.9999999999999999 0.9999999999999998
0.9999999999999999 0.9999999999999998
0.8036375634160797 0.9118633123505894
0.8036375634160797 0.9118633123505894
0.9999999999999999 0.9999999999999998
0.9999999999999999 0.9999999999999998
0.9999999999999999 0.9999999999999998
0.7877609890611015 0.905354101022068
1.0 1.0
1.0 1.0
0.9146591207600471 0.944911182523068
0.9999999999999999 0.9999999999999998
1.0 1.0
0.9999999999999999 0.9999999999999998
1.0 1.0
0.9999999999999999 0.9999999999999998
0.9999999999999999 0.9999999999999998
0.9999999999999999 0.9999999999999998
0.9999999999999999 0.9999999999999998
0.9999999999999999 0.9999999999999998
0.8447418837575275 0.8944271909999159
0.9999999999999999 0.9999999999999998
0.9146591207600471 0.944911182523068
0.9999999999999999 0.9999999999999998
0.8036375634160797 0.8922879809534364
1.0 1.0
0.9146591207600471 0.944911182523068
0.9999999999999999 0.9999999999999998
0.9999999999999999 0.9999999999999998
0.9999999999999999 0.9999999999999998
0.9146591207600471 0.944911182523068
0.9999999999999999 0.9999999999999998
0.9999999999999999 0.9999999999999998
0.9888264649460884 0.9874838622020378
1.0 1.0
0.9999999999999999 0.9999999999999998
0.9999999999999999 0.9999999999999998
0.9999999999999999 0.9999999999999998
1.0 1.0
0.9999999999999999 0.9999999999999998
0.9999999999999999 0.9999999999999998
0.9999999999999999 0.9999999999999998
0.9526510164590819 0.9559096617583924
0.9999999999999999 0.9999999999999998
0.9999999999999999 0.9999999999999998
1.0 1.0
0.8036375634160797 0.8922879809534364
0.9146591207600471 0.944911182523068
0.9999999999999999 0.9999999999999998
0.8571428571428572 0.8945474016302551
1.0 1.0
1.0 1.0
1.0 1.0
0.9999999999999999 0.9999999999999998
0.9999999999999999 0.9999999999999998
0.9999999999999999 0.9999999999999998
1.0 1.0
0.9526510164590819 0.9559096617583924
0.9999999999999999 0.9999999999999998
0.9999999999999999 0.9999999999999998
0.8036375634160797 0.9118633123505894
0.9146591207600471 0.944911182523068
1.0 1.0
0.9999999999999999 0.9999999999999998
0.9999999999999999 0.9999999999999998
0.9999999999999999 0.9999999999999998
0.9999999999999999 0.9999999999999998
1.0 1.0
0.9526510164590819 0.9559096617583924
0.9999999999999999 0.9999999999999998
0.9999999999999999 0.9999999999999998
0.9999999999999999 0.9999999999999998
1.0 1.0000000000000002
0.9999999999999999 0.9999999999999998
0.9999999999999999 0.9999999999999998
0.9999999999999999 0.9999999999999998
0.9999999999999999 0.9999999999999998
0.9999999999999999 0.9999999999999998
0.9999999999999999 0.9999999999999998
1.0 1.0
0.9999999999999999 0.9999999999999998
0.9999999999999999 0.9999999999999998
0.9999999999999999 0.9999999999999998
0.9526510164590819 0.9559096617583924
0.9999999999999999 0.9999999999999998
0.8036375634160797 0.9118633123505894
1.0 1.0
1.0 1.0
0.8735555046022885 0.9205218534367342
0.9999999999999999 0.9999999999999998
1.0 1.0
0.9999999999999999 0.9999999999999998
0.9999999999999999 0.9999999999999998
0.9999999999999999 0.9999999999999998
1.0 1.0
0.9999999999999999 0.9999999999999998
0.9999999999999999 0.9999999999999998
1.0 1.0
0.9999999999999999 0.9999999999999998
0.9999999999999999 0.9999999999999998
0.9999999999999999 0.9999999999999998
0.9999999999999999 0.9999999999999998
0.9999999999999999 0.9999999999999998
0.9999999999999999 0.9999999999999998
0.9999999999999999 0.9999999999999998
1.0 1.0
0.9999999999999999 0.9999999999999998
1.0 1.0
0.9999999999999999 0.9999999999999998
0.9888264649460884 0.9874838622020378
0.9999999999999999 0.9999999999999998
0.9999999999999999 0.9999999999999998
0.9999999999999999 0.9999999999999998
0.9999999999999999 0.9999999999999998
0.9999999999999999 0.9999999999999998
0.9999999999999999 0.9999999999999998
0.9999999999999999 0.9999999999999998
0.9999999999999999 0.9999999999999998
1.0 1.0
0.9999999999999999 0.9999999999999998
0.9146591207600471 0.944911182523068
0.9999999999999999 0.9999999999999998
0.9999999999999999 0.9999999999999998
0.9999999999999999 0.9999999999999998
0.9146591207600471 0.944911182523068
0.9999999999999999 0.9999999999999998
0.9999999999999999 0.9999999999999998
0.9999999999999999 0.9999999999999998
1.0 1.0
1.0 1.0000000000000002
0.9999999999999999 0.9999999999999998
0.9999999999999999 0.9999999999999998
0.9999999999999999 0.9999999999999998
0.9999999999999999 0.9999999999999998
0.9888264649460884 0.9874838622020378
0.9999999999999999 0.9999999999999998
0.9999999999999999 0.9999999999999998
0.9999999999999999 0.9999999999999998
0.8036375634160797 0.9118633123505894
0.9999999999999999 0.9999999999999998
0.9999999999999999 0.9999999999999998
0.9888264649460884 0.9874838622020378
0.9999999999999999 0.9999999999999998
1.0 1.0
1.0 1.0
0.9999999999999999 0.9999999999999998
0.9526510164590819 0.9559096617583924
0.9999999999999999 0.9999999999999998
1.0 1.0
1.0 1.0
0.9999999999999999 0.9999999999999998
0.9999999999999999 0.9999999999999998
0.9999999999999999 0.9999999999999998
0.9999999999999999 0.9999999999999998
0.9999999999999999 0.9999999999999998
0.9999999999999999 0.9999999999999998
1.0 1.0
0.9999999999999999 0.9999999999999998
0.9999999999999999 0.9999999999999998
0.9146591207600471 0.944911182523068
0.9999999999999999 0.9999999999999998
0.9999999999999999 0.9999999999999998
0.9146591207600471 0.944911182523068
1.0 1.0
0.9999999999999999 0.9999999999999998
0.9999999999999999 0.9999999999999998
1.0 1.0
0.9999999999999999 0.9999999999999998
0.9146591207600471 0.944911182523068
1.0 1.0
0.9999999999999999 0.9999999999999998
0.9999999999999999 0.9999999999999998
0.9999999999999999 0.9999999999999998
0.9999999999999999 0.9999999999999998
0.9146591207600471 0.944911182523068
0.9999999999999999 0.9999999999999998
0.9999999999999999 0.9999999999999998
0.9999999999999999 0.9999999999999998
0.9999999999999999 0.9999999999999998
1.0 1.0
1.0 1.0
0.9999999999999999 0.9999999999999998
0.9999999999999999 0.9999999999999998
0.9999999999999999 0.9999999999999998
0.9999999999999999 0.9999999999999998
0.9999999999999999 0.9999999999999998
0.9999999999999999 0.9999999999999998
1.0 1.0
0.9999999999999999 0.9999999999999998
0.9999999999999999 0.9999999999999998
0.9146591207600471 0.944911182523068
0.9999999999999999 0.9999999999999998
1.0 1.0
1.0 1.0
0.9999999999999999 0.9999999999999998
0.9999999999999999 0.9999999999999998
1.0 1.0
0.9999999999999999 0.9999999999999998
0.9999999999999999 0.9999999999999998
1.0 1.0000000000000002
0.9999999999999999 0.9999999999999998
0.9526510164590819 0.9559096617583924
1.0 1.0
0.9999999999999999 0.9999999999999998
0.9999999999999999 0.9999999999999998
0.9999999999999999 0.9999999999999998
1.0 1.0
0.8872807226269156 0.9135468796041986
0.9999999999999999 0.9999999999999998
0.9999999999999999 0.9999999999999998
0.9999999999999999 0.9999999999999998
0.9999999999999999 0.9999999999999998
1.0 1.0
0.9999999999999999 0.9999999999999998
0.9999999999999999 0.9999999999999998
0.9999999999999999 0.9999999999999998
0.9146591207600471 0.944911182523068
0.9999999999999999 0.9999999999999998
0.9999999999999999 0.9999999999999998
0.9999999999999999 0.9999999999999998
1.0 1.0
0.9526510164590819 0.9559096617583924
1.0 1.0
0.9999999999999999 0.9999999999999998
1.0 1.0
1.0 1.0
0.9999999999999999 0.9999999999999998
1.0 1.0
0.9999999999999999 0.9999999999999998
0.9999999999999999 0.9999999999999998
0.9999999999999999 0.9999999999999998
0.9999999999999999 0.9999999999999998
0.9999999999999999 0.9999999999999998
0.7888106377466153 0.8819171036881969
0.9999999999999999 0.9999999999999998
0.9999999999999999 0.9999999999999998
0.9999999999999999 0.9999999999999998
1.0 1.0
0.9888264649460884 0.9874838622020378
0.9999999999999999 0.9999999999999998
0.9146591207600471 0.944911182523068
0.9999999999999999 0.9999999999999998
0.7877609890611015 0.905354101022068
0.9999999999999999 0.9999999999999998
0.9999999999999999 0.9999999999999998
0.9999999999999999 0.9999999999999998
0.8036375634160797 0.9118633123505894
0.9999999999999999 0.9999999999999998
1.0 1.0
1.0 1.0
1.0 1.0000000000000002
0.9146591207600471 0.944911182523068
0.9999999999999999 0.9999999999999998
0.9999999999999999 0.9999999999999998
0.9999999999999999 0.9999999999999998
1.0 1.0
0.9999999999999999 0.9999999999999998
0.9146591207600471 0.944911182523068
0.9999999999999999 0.9999999999999998
0.9999999999999999 0.9999999999999998
0.9999999999999999 0.9999999999999998
0.9999999999999999 0.9999999999999998
0.9999999999999999 0.9999999999999998
1.0 1.0
0.9999999999999999 0.9999999999999998
0.9999999999999999 0.9999999999999998
1.0 1.0
0.9999999999999999 0.9999999999999998
1.0 1.0
0.7888106377466153 0.8819171036881969
1.0 1.0
0.9999999999999999 0.9999999999999998
0.9999999999999999 0.9999999999999998
0.9999999999999999 0.9999999999999998
0.9999999999999999 0.9999999999999998
0.9999999999999999 0.9999999999999998
0.9999999999999999 0.9999999999999998
0.9999999999999999 0.9999999999999998
0.9351438002390361 0.9737289911202953
1.0 1.0
0.9999999999999999 0.9999999999999998
1.0 1.0
1.0 1.0
0.9999999999999999 0.9999999999999998
0.9146591207600471 0.944911182523068
0.9999999999999999 0.9999999999999998
0.9999999999999999 0.9999999999999998
0.9999999999999999 0.9999999999999998
0.9999999999999999 0.9999999999999998
0.9999999999999999 0.9999999999999998
0.9999999999999999 0.9999999999999998
0.7888106377466153 0.8819171036881969
0.9999999999999999 0.9999999999999998
0.9146591207600471 0.944911182523068
1.0 1.0
0.9146591207600471 0.944911182523068
0.9999999999999999 0.9999999999999998
0.9999999999999999 0.9999999999999998
0.9999999999999999 0.9999999999999998
0.9999999999999999 0.9999999999999998
1.0 1.0
0.9999999999999999 0.9999999999999998
0.9999999999999999 0.9999999999999998
0.9999999999999999 0.9999999999999998
1.0 1.0
0.9999999999999999 0.9999999999999998
0.9146591207600471 0.944911182523068
0.9999999999999999 0.9999999999999998
0.9146591207600471 0.944911182523068
1.0 1.0
0.9999999999999999 0.9999999999999998
0.9999999999999999 0.9999999999999998
0.9999999999999999 0.9999999999999998
0.9999999999999999 0.9999999999999998
0.9999999999999999 0.9999999999999998
1.0 1.0
0.9999999999999999 0.9999999999999998
0.9999999999999999 0.9999999999999998
1.0 1.0
0.9999999999999999 0.9999999999999998
1.0 1.0
0.9999999999999999 0.9999999999999998
0.9526510164590819 0.9559096617583924
0.9999999999999999 0.9999999999999998
0.9999999999999999 0.9999999999999998
0.9999999999999999 0.9999999999999998
0.9999999999999999 0.9999999999999998
0.9146591207600471 0.944911182523068
1.0 1.0
1.0 1.0
0.9999999999999999 0.9999999999999998
0.9999999999999999 0.9999999999999998
0.9999999999999999 0.9999999999999998
0.9999999999999999 0.9999999999999998
1.0 1.0
1.0 1.0
0.9146591207600471 0.944911182523068
0.9146591207600471 0.944911182523068
1.0 1.0
0.9999999999999999 0.9999999999999998
0.9999999999999999 0.9999999999999998
0.9999999999999999 0.9999999999999998
1.0 1.0000000000000002
0.9999999999999999 0.9999999999999998
0.9999999999999999 0.9999999999999998
0.9999999999999999 0.9999999999999998
0.9999999999999999 0.9999999999999998
1.0 1.0000000000000002
0.9999999999999999 0.9999999999999998
0.9999999999999999 0.9999999999999998
1.0 1.0
0.9999999999999999 0.9999999999999998
1.0 1.0
0.9999999999999999 0.9999999999999998
1.0 1.0
0.9999999999999999 0.9999999999999998
1.0 1.0
0.9999999999999999 0.9999999999999998
0.9999999999999999 0.9999999999999998
1.0 1.0
0.9999999999999999 0.9999999999999998
0.9999999999999999 0.9999999999999998
0.9999999999999999 0.9999999999999998
1.0 1.0
1.0 1.0
0.9999999999999999 0.9999999999999998
0.9999999999999999 0.9999999999999998
0.9999999999999999 0.9999999999999998
0.9999999999999999 0.9999999999999998
0.9999999999999999 0.9999999999999998
1.0 1.0
0.9999999999999999 0.9999999999999998
0.9999999999999999 0.9999999999999998
0.9526510164590819 0.9559096617583924
1.0 1.0
0.9999999999999999 0.9999999999999998
0.9999999999999999 0.9999999999999998
0.9999999999999999 0.9999999999999998
1.0 1.0000000000000002
1.0 1.0000000000000002
0.9999999999999999 0.9999999999999998
0.9999999999999999 0.9999999999999998
0.9999999999999999 0.9999999999999998
0.9999999999999999 0.9999999999999998
0.9146591207600471 0.944911182523068
0.9999999999999999 0.9999999999999998
0.9146591207600471 0.944911182523068
0.9146591207600471 0.944911182523068
1.0 1.0
0.9999999999999999 0.9999999999999998
0.9999999999999999 0.9999999999999998
0.9999999999999999 0.9999999999999998
1.0 1.0
0.9999999999999999 0.9999999999999998
0.9999999999999999 0.9999999999999998
0.9999999999999999 0.9999999999999998
0.9999999999999999 0.9999999999999998
0.9146591207600471 0.944911182523068
0.9999999999999999 0.9999999999999998
0.9999999999999999 0.9999999999999998
1.0 1.0
0.9999999999999999 0.9999999999999998
0.9999999999999999 0.9999999999999998
0.9999999999999999 0.9999999999999998
0.9999999999999999 0.9999999999999998
0.9999999999999999 0.9999999999999998
0.9999999999999999 0.9999999999999998
1.0 1.0
1.0 1.0
0.9999999999999999 0.9999999999999998
0.9999999999999999 0.9999999999999998
0.9999999999999999 0.9999999999999998
0.9999999999999999 0.9999999999999998
0.9999999999999999 0.9999999999999998
0.9999999999999999 0.9999999999999998
0.889108448948774 0.9266387010778769
0.9999999999999999 0.9999999999999998
0.9999999999999999 0.9999999999999998
1.0 1.0
0.9999999999999999 0.9999999999999998
0.9526510164590819 0.9559096617583924
0.9999999999999999 0.9999999999999998
0.9999999999999999 0.9999999999999998
0.9999999999999999 0.9999999999999998
1.0 1.0
0.9999999999999999 0.9999999999999998
1.0 1.0
1.0 1.0
1.0 1.0
1.0 1.0
0.9146591207600471 0.944911182523068
0.9999999999999999 0.9999999999999998
0.9999999999999999 0.9999999999999998
0.9999999999999999 0.9999999999999998
0.9999999999999999 0.9999999999999998
1.0 1.0
0.9999999999999999 0.9999999999999998
1.0 1.0
0.9999999999999999 0.9999999999999998
0.9888264649460884 0.9874838622020378
0.9999999999999999 0.9999999999999998
0.9999999999999999 0.9999999999999998
0.9999999999999999 0.9999999999999998
0.9999999999999999 0.9999999999999998
0.9999999999999999 0.9999999999999998
0.9999999999999999 0.9999999999999998
0.9999999999999999 0.9999999999999998
1.0 1.0
1.0 1.0
1.0 1.0
0.9999999999999999 0.9999999999999998
1.0 1.0
0.9999999999999999 0.9999999999999998
1.0 1.0
0.9999999999999999 0.9999999999999998
1.0 1.0
0.8036375634160797 0.9118633123505894
1.0 1.0
0.9999999999999999 0.9999999999999998
0.9999999999999999 0.9999999999999998
0.9999999999999999 0.9999999999999998
1.0 1.0
1.0 1.0
1.0 1.0
1.0 1.0
1.0 1.0
0.9999999999999999 0.9999999999999998
0.9999999999999999 0.9999999999999998
0.9999999999999999 0.9999999999999998
0.9999999999999999 0.9999999999999998
1.0 1.0
0.9999999999999999 0.9999999999999998
0.9999999999999999 0.9999999999999998
0.9999999999999999 0.9999999999999998
0.8447418837575275 0.8944271909999159
0.9146591207600471 0.944911182523068
0.8190283593479222 0.9259119424492093
0.9888264649460884 0.9874838622020378
0.9999999999999999 0.9999999999999998
0.9999999999999999 0.9999999999999998
1.0 1.0
0.9999999999999999 0.9999999999999998
0.9999999999999999 0.9999999999999998
1.0 1.0
0.9999999999999999 0.9999999999999998
0.9999999999999999 0.9999999999999998
0.9999999999999999 0.9999999999999998
0.9999999999999999 0.9999999999999998
0.9999999999999999 0.9999999999999998
1.0 1.0
1.0 1.0
0.9999999999999999 0.9999999999999998
0.9999999999999999 0.9999999999999998
0.9146591207600471 0.944911182523068
0.9526510164590819 0.9559096617583924
1.0 1.0
0.9999999999999999 0.9999999999999998
0.9999999999999999 0.9999999999999998
1.0 1.0
0.9999999999999999 0.9999999999999998
1.0 1.0
1.0 1.0
0.9999999999999999 0.9999999999999998
0.9999999999999999 0.9999999999999998
0.9146591207600471 0.944911182523068
1.0 1.0
0.9999999999999999 0.9999999999999998
0.8067842963896242 0.9230115679718911
0.9999999999999999 0.9999999999999998
0.9999999999999999 0.9999999999999998
0.9999999999999999 0.9999999999999998
0.9999999999999999 0.9999999999999998
0.9999999999999999 0.9999999999999998
0.9999999999999999 0.9999999999999998
0.9999999999999999 0.9999999999999998
0.9999999999999999 0.9999999999999998
0.9999999999999999 0.9999999999999998
0.9526510164590819 0.9559096617583924
0.9999999999999999 0.9999999999999998
0.9999999999999999 0.9999999999999998
0.9146591207600471 0.944911182523068
0.9999999999999999 0.9999999999999998
0.9999999999999999 0.9999999999999998
0.9999999999999999 0.9999999999999998
0.9999999999999999 0.9999999999999998
0.9999999999999999 0.9999999999999998
0.9999999999999999 0.9999999999999998
0.9999999999999999 0.9999999999999998
0.9999999999999999 0.9999999999999998
0.9999999999999999 0.9999999999999998
0.9999999999999999 0.9999999999999998
0.9999999999999999 0.9999999999999998
0.9146591207600471 0.944911182523068
1.0 1.0
0.9999999999999999 0.9999999999999998
0.9999999999999999 0.9999999999999998
0.9999999999999999 0.9999999999999998
0.9999999999999999 0.9999999999999998
0.9999999999999999 0.9999999999999998
0.9999999999999999 0.9999999999999998
1.0 1.0
0.9999999999999999 0.9999999999999998
0.9999999999999999 0.9999999999999998
0.9999999999999999 0.9999999999999998
0.9999999999999999 0.9999999999999998
0.9999999999999999 0.9999999999999998
0.9999999999999999 0.9999999999999998
0.9999999999999999 0.9999999999999998
0.9526510164590819 0.9559096617583924
0.9999999999999999 0.9999999999999998
0.9999999999999999 0.9999999999999998
0.9999999999999999 0.9999999999999998
0.9999999999999999 0.9999999999999998
0.9526510164590819 0.9559096617583924
0.9999999999999999 0.9999999999999998
1.0 1.0
0.9999999999999999 0.9999999999999998
0.9999999999999999 0.9999999999999998
0.9999999999999999 0.9999999999999998
1.0 1.0
1.0 1.0
0.9999999999999999 0.9999999999999998
0.9999999999999999 0.9999999999999998
0.9999999999999999 0.9999999999999998
0.9999999999999999 0.9999999999999998
0.9999999999999999 0.9999999999999998
0.9999999999999999 0.9999999999999998
0.9999999999999999 0.9999999999999998
0.9999999999999999 0.9999999999999998
0.9999999999999999 0.9999999999999998
1.0 1.0000000000000002
0.9999999999999999 0.9999999999999998
0.9999999999999999 0.9999999999999998
0.9999999999999999 0.9999999999999998
0.9999999999999999 0.9999999999999998
0.9999999999999999 0.9999999999999998
0.9999999999999999 0.9999999999999998
0.9999999999999999 0.9999999999999998
0.9999999999999999 0.9999999999999998
0.8036375634160797 0.8922879809534364
0.9999999999999999 0.9999999999999998
0.9999999999999999 0.9999999999999998
0.9999999999999999 0.9999999999999998
0.9146591207600471 0.944911182523068
1.0 1.0000000000000002
0.9999999999999999 0.9999999999999998
0.9999999999999999 0.9999999999999998
0.9999999999999999 0.9999999999999998
1.0 1.0
0.9999999999999999 0.9999999999999998
1.0 1.0
0.9999999999999999 0.9999999999999998
0.9999999999999999 0.9999999999999998
0.9146591207600471 0.944911182523068
0.8036375634160797 0.9118633123505894
0.9999999999999999 0.9999999999999998
1.0 1.0000000000000002
1.0 1.0
0.9999999999999999 0.9999999999999998
1.0 1.0
1.0 1.0000000000000002
1.0 1.0
0.9146591207600471 0.944911182523068
0.9999999999999999 0.9999999999999998
0.9999999999999999 0.9999999999999998
0.9999999999999999 0.9999999999999998
0.9999999999999999 0.9999999999999998
0.9999999999999999 0.9999999999999998
0.9999999999999999 0.9999999999999998
1.0 1.0
1.0 1.0
0.9999999999999999 0.9999999999999998
1.0 1.0000000000000002
0.9999999999999999 0.9999999999999998
0.9999999999999999 0.9999999999999998
1.0 1.0
0.9146591207600471 0.944911182523068
1.0 1.0
0.9999999999999999 0.9999999999999998
1.0 1.0000000000000002
0.9999999999999999 0.9999999999999998
1.0 1.0
0.9999999999999999 0.9999999999999998
0.9999999999999999 0.9999999999999998
0.9999999999999999 0.9999999999999998
0.9999999999999999 0.9999999999999998
0.9999999999999999 0.9999999999999998
0.9999999999999999 0.9999999999999998
0.9999999999999999 0.9999999999999998
0.9999999999999999 0.9999999999999998
1.0 1.0
1.0 1.0000000000000002
0.9999999999999999 0.9999999999999998
0.9999999999999999 0.9999999999999998
0.9999999999999999 0.9999999999999998
0.9526510164590819 0.9559096617583924
0.8036375634160797 0.8922879809534364
0.9999999999999999 0.9999999999999998
0.9999999999999999 0.9999999999999998
0.9146591207600471 0.944911182523068
0.9999999999999999 0.9999999999999998
0.9999999999999999 0.9999999999999998
0.9999999999999999 0.9999999999999998
0.9999999999999999 0.9999999999999998
0.889108448948774 0.9266387010778769
1.0 1.0
0.9351438002390361 0.9737289911202953
0.9999999999999999 0.9999999999999998
1.0 1.0
0.9999999999999999 0.9999999999999998
0.9999999999999999 0.9999999999999998
0.9999999999999999 0.9999999999999998
0.9999999999999999 0.9999999999999998
0.9999999999999999 0.9999999999999998
0.9999999999999999 0.9999999999999998
1.0 1.0
0.9999999999999999 0.9999999999999998
0.9999999999999999 0.9999999999999998
0.9999999999999999 0.9999999999999998
1.0 1.0
0.9999999999999999 0.9999999999999998
0.9999999999999999 0.9999999999999998
0.9146591207600471 0.944911182523068
0.9999999999999999 0.9999999999999998
1.0 1.0
0.9999999999999999 0.9999999999999998
0.9999999999999999 0.9999999999999998
0.9999999999999999 0.9999999999999998
0.9999999999999999 0.9999999999999998
0.9999999999999999 0.9999999999999998
1.0 1.0
0.9999999999999999 0.9999999999999998
0.9146591207600471 0.944911182523068
0.9999999999999999 0.9999999999999998
1.0 1.0
0.9999999999999999 0.9999999999999998
0.9999999999999999 0.9999999999999998
0.9999999999999999 0.9999999999999998
0.9999999999999999 0.9999999999999998
0.9999999999999999 0.9999999999999998
0.9999999999999999 0.9999999999999998
1.0 1.0
0.9999999999999999 0.9999999999999998
1.0 1.0
0.9999999999999999 0.9999999999999998
1.0 1.0
1.0 1.0
0.9999999999999999 0.9999999999999998
1.0 1.0
0.9146591207600471 0.944911182523068
0.9146591207600471 0.944911182523068
0.9999999999999999 0.9999999999999998
0.9999999999999999 0.9999999999999998
0.9999999999999999 0.9999999999999998
0.9999999999999999 0.9999999999999998
1.0 1.0
0.9999999999999999 0.9999999999999998
1.0 1.0
0.9146591207600471 0.944911182523068
0.9999999999999999 0.9999999999999998
1.0 1.0
0.9999999999999999 0.9999999999999998
0.9999999999999999 0.9999999999999998
0.9146591207600471 0.944911182523068
1.0 1.0
0.9999999999999999 0.9999999999999998
0.9999999999999999 0.9999999999999998
0.9999999999999999 0.9999999999999998
0.9999999999999999 0.9999999999999998
0.9999999999999999 0.9999999999999998
0.9999999999999999 0.9999999999999998
0.9999999999999999 0.9999999999999998
0.9526510164590819 0.9559096617583924
0.9999999999999999 0.9999999999999998
0.9999999999999999 0.9999999999999998
0.9999999999999999 0.9999999999999998
0.9999999999999999 0.9999999999999998
0.9999999999999999 0.9999999999999998
0.9999999999999999 0.9999999999999998
1.0 1.0
0.9999999999999999 0.9999999999999998
0.9146591207600471 0.944911182523068
0.9999999999999999 0.9999999999999998
0.9999999999999999 0.9999999999999998
0.9999999999999999 0.9999999999999998
0.9999999999999999 0.9999999999999998
0.9999999999999999 0.9999999999999998
0.9999999999999999 0.9999999999999998
0.9999999999999999 0.9999999999999998
0.9999999999999999 0.9999999999999998
0.9999999999999999 0.9999999999999998
0.9999999999999999 0.9999999999999998
0.9146591207600471 0.944911182523068
0.9146591207600471 0.944911182523068
0.9999999999999998 1.0
0.9146591207600471 0.944911182523068
0.9526510164590819 0.9559096617583924
0.9999999999999999 0.9999999999999998
1.0 1.0
1.0 1.0
1.0 1.0
1.0 1.0
0.9146591207600471 0.944911182523068
0.9999999999999999 0.9999999999999998
1.0 1.0
0.8447418837575275 0.8944271909999159
0.9999999999999999 0.9999999999999998
0.9999999999999999 0.9999999999999998
0.9999999999999999 0.9999999999999998
0.9999999999999999 0.9999999999999998
0.8447418837575275 0.8944271909999159
0.9999999999999999 0.9999999999999998
1.0 1.0
0.9999999999999999 0.9999999999999998
1.0 1.0
0.9999999999999999 0.9999999999999998
0.9999999999999999 0.9999999999999998
0.9999999999999999 0.9999999999999998
0.9999999999999999 0.9999999999999998
0.9999999999999999 0.9999999999999998
0.9999999999999999 0.9999999999999998
1.0 1.0
0.9999999999999999 0.9999999999999998
0.9999999999999999 0.9999999999999998
0.9999999999999999 0.9999999999999998
0.9999999999999999 0.9999999999999998
0.9999999999999999 0.9999999999999998
0.9999999999999999 0.9999999999999998
0.9999999999999999 0.9999999999999998
0.9999999999999999 0.9999999999999998
0.9999999999999999 0.9999999999999998
0.9999999999999999 0.9999999999999998
1.0 1.0
0.9999999999999999 0.9999999999999998
0.9999999999999999 0.9999999999999998
0.9999999999999999 0.9999999999999998
0.9146591207600471 0.944911182523068
0.9999999999999999 0.9999999999999998
0.9999999999999999 0.9999999999999998
0.9999999999999999 0.9999999999999998
0.9999999999999999 0.9999999999999998
1.0 1.0
0.9999999999999999 0.9999999999999998
1.0 1.0000000000000002
0.9999999999999999 0.9999999999999998
0.9146591207600471 0.944911182523068
1.0 1.0000000000000002
0.9999999999999999 0.9999999999999998
0.9999999999999999 0.9999999999999998
1.0 1.0
0.8447418837575275 0.8944271909999159
0.9999999999999999 0.9999999999999998
0.9999999999999999 0.9999999999999998
0.9999999999999999 0.9999999999999998
0.9999999999999999 0.9999999999999998
1.0 1.0
0.9999999999999999 0.9999999999999998
0.9999999999999999 0.9999999999999998
1.0 1.0
1.0 1.0
0.9999999999999999 0.9999999999999998
0.9999999999999999 0.9999999999999998
0.9999999999999999 0.9999999999999998
0.9999999999999999 0.9999999999999998
0.9999999999999999 0.9999999999999998
1.0 1.0
0.9999999999999999 0.9999999999999998
0.9999999999999999 0.9999999999999998
0.9999999999999999 0.9999999999999998
0.9999999999999999 0.9999999999999998
0.9999999999999999 0.9999999999999998
0.9999999999999999 0.9999999999999998
1.0 1.0
0.9999999999999999 0.9999999999999998
1.0 1.0
0.9999999999999999 0.9999999999999998
0.8036375634160797 0.9118633123505894
0.9999999999999999 0.9999999999999998
0.9999999999999999 0.9999999999999998
0.9526510164590819 0.9559096617583924
0.9999999999999999 0.9999999999999998
0.9999999999999999 0.9999999999999998
1.0 1.0
0.9999999999999999 0.9999999999999998
0.9999999999999999 0.9999999999999998
0.9999999999999999 0.9999999999999998
0.9999999999999999 0.9999999999999998
0.9999999999999999 0.9999999999999998
0.9999999999999999 0.9999999999999998
0.9999999999999999 0.9999999999999998
0.9999999999999999 0.9999999999999998
0.9999999999999999 0.9999999999999998
0.9999999999999999 0.9999999999999998
1.0 1.0
0.9999999999999999 0.9999999999999998
1.0 1.0000000000000002
1.0 1.0000000000000002
0.9999999999999999 0.9999999999999998
0.9526510164590819 0.9559096617583924
1.0 1.0
1.0 1.0
0.9999999999999999 0.9999999999999998
1.0 1.0
0.9999999999999999 0.9999999999999998
0.9523532664857335 0.9713237285143654
1.0 1.0
0.9999999999999999 0.9999999999999998
0.9999999999999999 0.9999999999999998
1.0 1.0
1.0 1.0
0.9999999999999999 0.9999999999999998
0.9146591207600471 0.944911182523068
0.8447418837575275 0.8944271909999159
0.9146591207600471 0.944911182523068
0.9146591207600471 0.944911182523068
0.9146591207600471 0.944911182523068
0.9999999999999999 0.9999999999999998
0.9999999999999999 0.9999999999999998
0.9999999999999999 0.9999999999999998
0.9999999999999999 0.9999999999999998
1.0 1.0
0.9999999999999999 0.9999999999999998
0.9999999999999999 0.9999999999999998
1.0 1.0
0.9999999999999999 0.9999999999999998
0.9999999999999999 0.9999999999999998
0.9999999999999999 0.9999999999999998
0.9999999999999999 0.9999999999999998
0.8571428571428572 0.8945474016302551
0.9999999999999999 0.9999999999999998
0.9999999999999999 0.9999999999999998
0.9999999999999999 0.9999999999999998
0.9999999999999999 0.9999999999999998
0.9999999999999999 0.9999999999999998
1.0 1.0
0.9999999999999999 0.9999999999999998
1.0 1.0
0.9999999999999999 0.9999999999999998
0.9999999999999999 0.9999999999999998
0.9999999999999999 0.9999999999999998
1.0 1.0
1.0 1.0
0.9526510164590819 0.9559096617583924
0.9999999999999999 0.9999999999999998
0.9999999999999999 0.9999999999999998
0.9999999999999999 0.9999999999999998
0.9999999999999999 0.9999999999999998
0.9999999999999999 0.9999999999999998
0.9999999999999999 0.9999999999999998
0.9999999999999999 0.9999999999999998
1.0 1.0
0.9999999999999999 0.9999999999999998
0.9999999999999999 0.9999999999999998
1.0 1.0
0.9999999999999999 0.9999999999999998
0.9999999999999999 0.9999999999999998
0.9999999999999999 0.9999999999999998
0.9999999999999999 0.9999999999999998
0.9146591207600471 0.944911182523068
1.0 1.0
0.9999999999999999 0.9999999999999998
0.9999999999999999 0.9999999999999998
0.9999999999999999 0.9999999999999998
0.9999999999999999 0.9999999999999998
1.0 1.0
0.9526510164590819 0.9559096617583924
0.9999999999999999 0.9999999999999998
0.9999999999999999 0.9999999999999998
0.9999999999999999 0.9999999999999998
0.8036375634160797 0.9118633123505894
1.0 1.0
0.9999999999999999 0.9999999999999998
0.9999999999999999 0.9999999999999998
0.9999999999999999 0.9999999999999998
0.9999999999999999 0.9999999999999998
0.9999999999999999 0.9999999999999998
0.9999999999999999 0.9999999999999998
0.9146591207600471 0.944911182523068
0.9999999999999999 0.9999999999999998
0.9999999999999999 0.9999999999999998
0.9999999999999999 0.9999999999999998
0.9999999999999999 0.9999999999999998
0.9999999999999999 0.9999999999999998
1.0 1.0
0.9999999999999999 0.9999999999999998
0.9999999999999999 0.9999999999999998
0.9999999999999999 0.9999999999999998
0.9999999999999999 0.9999999999999998
0.9999999999999999 0.9999999999999998
0.9999999999999999 0.9999999999999998
0.9888264649460884 0.9874838622020378
0.9999999999999999 0.9999999999999998
1.0 1.0000000000000002
0.9999999999999999 0.9999999999999998
0.9999999999999999 0.9999999999999998
1.0 1.0
0.9999999999999999 0.9999999999999998
0.9146591207600471 0.944911182523068
0.9999999999999999 0.9999999999999998
1.0 1.0
0.9146591207600471 0.944911182523068
1.0 1.0
0.9999999999999999 0.9999999999999998
0.9999999999999999 0.9999999999999998
0.9999999999999999 0.9999999999999998
0.8190283593479222 0.9259119424492093
0.9999999999999999 0.9999999999999998
0.9999999999999999 0.9999999999999998
0.9999999999999999 0.9999999999999998
0.9999999999999999 0.9999999999999998
1.0 1.0
0.9999999999999999 0.9999999999999998
1.0 1.0
0.9999999999999999 0.9999999999999998
1.0 1.0
1.0 1.0
0.9999999999999999 0.9999999999999998
0.9146591207600471 0.944911182523068
0.9999999999999999 0.9999999999999998
0.9999999999999999 0.9999999999999998
1.0 1.0000000000000002
0.9999999999999999 0.9999999999999998
1.0 1.0
0.9999999999999999 0.9999999999999998
1.0 1.0
0.9999999999999999 0.9999999999999998
0.9999999999999999 0.9999999999999998
0.9999999999999999 0.9999999999999998
0.9999999999999999 0.9999999999999998
0.9999999999999999 0.9999999999999998
1.0 1.0
0.9999999999999999 0.9999999999999998
0.9999999999999999 0.9999999999999998
0.9526510164590819 0.9559096617583924
1.0 1.0
0.9999999999999999 0.9999999999999998
0.8036375634160797 0.9118633123505894
0.9999999999999999 0.9999999999999998
1.0 1.0
0.9999999999999999 0.9999999999999998
1.0 1.0
0.9999999999999999 0.9999999999999998
1.0 1.0
0.9999999999999999 0.9999999999999998
0.9999999999999999 0.9999999999999998
1.0 1.0
0.9999999999999999 0.9999999999999998
0.9999999999999999 0.9999999999999998
0.9999999999999999 0.9999999999999998
0.9999999999999999 0.9999999999999998
0.9999999999999999 0.9999999999999998
1.0 1.0
0.9999999999999999 0.9999999999999998
0.9999999999999999 0.9999999999999998
0.9999999999999999 0.9999999999999998
0.9999999999999999 0.9999999999999998
0.9999999999999999 0.9999999999999998
0.9999999999999999 0.9999999999999998
0.9999999999999999 0.9999999999999998
0.9999999999999999 0.9999999999999998
