0.9999999999999999 0.9899494936611664
0.9999999999999999 0.9899494936611664
0.960768922830523 0.9870974199302355
0.960768922830523 0.9870974199302355
0.9999999999999999 0.9899494936611664
0.9999999999999999 0.9899494936611664
0.9999999999999999 0.9899494936611664
0.884259517119845 0.8597568068062915
1.0 0.9838699100999074
1.0 0.9838699100999074
0.9733285267845753 0.9434563530497265
0.9999999999999999 0.9899494936611664
1.0 0.9838699100999074
0.9999999999999999 0.9899494936611664
1.0 0.9771071235928815
0.9999999999999999 0.9899494936611664
0.9999999999999999 0.9899494936611664
0.9999999999999999 0.9899494936611664
0.9999999999999999 0.9899494936611664
0.9999999999999999 0.9899494936611664
0.9182191382286217 0.9243886531229557
0.9999999999999999 0.9899494936611664
0.9733285267845753 0.9434563530497265
0.9999999999999999 0.9899494936611664
0.920736884379251 0.9925894202200858
1.0 0.9838699100999074
0.9733285267845753 0.9434563530497265
0.9999999999999999 0.9899494936611664
0.9999999999999999 0.9899494936611664
0.9999999999999999 0.9899494936611664
0.9733285267845753 0.9434563530497265
0.9999999999999999 0.9899494936611664
0.9999999999999999 0.9899494936611664
0.9999999999999999 0.9646725607896798
1.0 0.9735085561076324
0.9999999999999999 0.9899494936611664
0.9999999999999999 0.9899494936611664
0.9999999999999999 0.9899494936611664
1.0 0.9771071235928815
0.9999999999999999 0.9899494936611664
0.9999999999999999 0.9899494936611664
0.9999999999999999 0.9899494936611664
0.9885710532241613 0.9280713951127696
0.9999999999999999 0.9899494936611664
0.9999999999999999 0.9899494936611664
1.0 0.9771071235928815
0.920736884379251 0.9925894202200858
0.9733285267845753 0.9434563530497265
0.9999999999999999 0.9899494936611664
0.9801960588196068 0.9939701928056226
1.0 0.9838699100999074
1.0 0.9838699100999074
1.0 0.9838699100999074
0.9999999999999999 0.9899494936611664
0.9999999999999999 0.9899494936611664
0.9999999999999999 0.9899494936611664
1.0 0.9771071235928815
0.9885710532241613 0.9280713951127696
0.9999999999999999 0.9899494936611664
0.9999999999999999 0.9899494936611664
0.960768922830523 0.9870974199302355
0.9733285267845753 0.9434563530497265
1.0 0.9771071235928815
0.9999999999999999 0.9899494936611664
0.9999999999999999 0.9899494936611664
0.9999999999999999 0.9899494936611664
0.9999999999999999 0.9899494936611664
1.0 0.9838699100999074
0.9885710532241613 0.9280713951127696
0.9999999999999999 0.9899494936611664
0.9999999999999999 0.9899494936611664
0.9999999999999999 0.9899494936611664
1.0 1.0000000000000002
0.9999999999999999 0.9899494936611664
0.9999999999999999 0.9899494936611664
0.9999999999999999 0.9899494936611664
0.9999999999999999 0.9899494936611664
0.9999999999999999 0.9899494936611664
0.9999999999999999 0.9899494936611664
1.0 0.9771071235928815
0.9999999999999999 0.9899494936611664
0.9999999999999999 0.9899494936611664
0.9999999999999999 0.9899494936611664
0.9885710532241613 0.9280713951127696
0.9999999999999999 0.9899494936611664
0.960768922830523 0.9870974199302355
1.0 0.9838699100999074
1.0 0.9838699100999074
0.9363821838346235 0.9235467421291397
0.9999999999999999 0.9899494936611664
1.0 0.9771071235928815
0.9999999999999999 0.9899494936611664
0.9999999999999999 0.9899494936611664
0.9999999999999999 0.9899494936611664
1.0 0.9771071235928815
0.9999999999999999 0.9899494936611664
0.9999999999999999 0.9899494936611664
1.0 0.9838699100999074
0.9999999999999999 0.9899494936611664
0.9999999999999999 0.9899494936611664
0.9999999999999999 0.9899494936611664
0.9999999999999999 0.9899494936611664
0.9999999999999999 0.9899494936611664
0.9999999999999999 0.9899494936611664
0.9999999999999999 0.9899494936611664
1.0 0.9838699100999074
0.9999999999999999 0.9899494936611664
1.0 0.9925833339709303
0.9999999999999999 0.9899494936611664
0.9999999999999999 0.9646725607896798
0.9999999999999999 0.9899494936611664
0.9999999999999999 0.9899494936611664
0.9999999999999999 0.9899494936611664
0.9999999999999999 0.9899494936611664
0.9999999999999999 0.9899494936611664
0.9999999999999999 0.9899494936611664
0.9999999999999999 0.9899494936611664
0.9999999999999999 0.9899494936611664
1.0 0.9771071235928815
0.9999999999999999 0.9899494936611664
0.9733285267845753 0.9434563530497265
0.9999999999999999 0.9899494936611664
0.9999999999999999 0.9899494936611664
0.9999999999999999 0.9899494936611664
0.9733285267845753 0.9434563530497265
0.9999999999999999 0.9899494936611664
0.9999999999999999 0.9899494936611664
0.9999999999999999 0.9899494936611664
1.0 0.9771071235928815
1.0 1.0000000000000002
0.9999999999999999 0.9899494936611664
0.9999999999999999 0.9899494936611664
0.9999999999999999 0.9899494936611664
0.9999999999999999 0.9899494936611664
0.9999999999999999 0.9646725607896798
0.9999999999999999 0.9899494936611664
0.9999999999999999 0.9899494936611664
0.9999999999999999 0.9899494936611664
0.960768922830523 0.9870974199302355
0.9999999999999999 0.9899494936611664
0.9999999999999999 0.9899494936611664
0.9999999999999999 0.9646725607896798
0.9999999999999999 0.9899494936611664
1.0 0.9838699100999074
1.0 0.9771071235928815
0.9999999999999999 0.9899494936611664
0.9885710532241613 0.9280713951127696
0.9999999999999999 0.9899494936611664
1.0 0.9925833339709303
1.0 0.9838699100999074
0.9999999999999999 0.9899494936611664
0.9999999999999999 0.9899494936611664
0.9999999999999999 0.9899494936611664
0.9999999999999999 0.9899494936611664
0.9999999999999999 0.9899494936611664
0.9999999999999999 0.9899494936611664
1.0 0.9771071235928815
0.9999999999999999 0.9899494936611664
0.9999999999999999 0.9899494936611664
0.9733285267845753 0.9434563530497265
0.9999999999999999 0.9899494936611664
0.9999999999999999 0.9899494936611664
0.9733285267845753 0.9434563530497265
1.0 0.9838699100999074
0.9999999999999999 0.9899494936611664
0.9999999999999999 0.9899494936611664
1.0 0.9771071235928815
0.9999999999999999 0.9899494936611664
0.9733285267845753 0.9434563530497265
1.0 0.9771071235928815
0.9999999999999999 0.9899494936611664
0.9999999999999999 0.9899494936611664
0.9999999999999999 0.9899494936611664
0.9999999999999999 0.9899494936611664
0.9733285267845753 0.9434563530497265
0.9999999999999999 0.9899494936611664
0.9999999999999999 0.9899494936611664
0.9999999999999999 0.9899494936611664
0.9999999999999999 0.9899494936611664
1.0 0.9838699100999074
1.0 0.9925833339709303
0.9999999999999999 0.9899494936611664
0.9999999999999999 0.9899494936611664
0.9999999999999999 0.9899494936611664
0.9999999999999999 0.9899494936611664
0.9999999999999999 0.9899494936611664
0.9999999999999999 0.9899494936611664
1.0 0.9771071235928815
0.9999999999999999 0.9899494936611664
0.9999999999999999 0.9899494936611664
0.9733285267845753 0.9434563530497265
0.9999999999999999 0.9899494936611664
1.0 0.9771071235928815
1.0 0.9771071235928815
0.9999999999999999 0.9899494936611664
0.9999999999999999 0.9899494936611664
1.0 0.9838699100999074
0.9999999999999999 0.9899494936611664
0.9999999999999999 0.9899494936611664
1.0 1.0000000000000002
0.9999999999999999 0.9899494936611664
0.9885710532241613 0.9280713951127696
1.0 0.9771071235928815
0.9999999999999999 0.9899494936611664
0.9999999999999999 0.9899494936611664
0.9999999999999999 0.9899494936611664
1.0 0.9838699100999074
0.9363821838346235 0.9205476922886919
0.9999999999999999 0.9899494936611664
0.9999999999999999 0.9899494936611664
0.9999999999999999 0.9899494936611664
0.9999999999999999 0.9899494936611664
1.0 0.9838699100999074
0.9999999999999999 0.9899494936611664
0.9999999999999999 0.9899494936611664
0.9999999999999999 0.9899494936611664
0.9733285267845753 0.9434563530497265
0.9999999999999999 0.9899494936611664
0.9999999999999999 0.9899494936611664
0.9999999999999999 0.9899494936611664
1.0 0.9771071235928815
0.9885710532241613 0.9280713951127696
1.0 0.9838699100999074
0.9999999999999999 0.9899494936611664
1.0 0.9771071235928815
1.0 0.9838699100999074
0.9999999999999999 0.9899494936611664
1.0 0.9771071235928815
0.9999999999999999 0.9899494936611664
0.9999999999999999 0.9899494936611664
0.9999999999999999 0.9899494936611664
0.9999999999999999 0.9899494936611664
0.9999999999999999 0.9899494936611664
0.9682458365518541 0.9921650741643421
0.9999999999999999 0.9899494936611664
0.9999999999999999 0.9899494936611664
0.9999999999999999 0.9899494936611664
1.0 0.9838699100999074
0.9999999999999999 0.9646725607896798
0.9999999999999999 0.9899494936611664
0.9733285267845753 0.9434563530497265
0.9999999999999999 0.9899494936611664
0.884259517119845 0.8597568068062915
0.9999999999999999 0.9899494936611664
0.9999999999999999 0.9899494936611664
0.9999999999999999 0.9899494936611664
0.960768922830523 0.9870974199302355
0.9999999999999999 0.9899494936611664
1.0 0.9771071235928815
1.0 0.9771071235928815
1.0 1.0000000000000002
0.9733285267845753 0.9434563530497265
0.9999999999999999 0.9899494936611664
0.9999999999999999 0.9899494936611664
0.9999999999999999 0.9899494936611664
1.0 0.9925833339709303
0.9999999999999999 0.9899494936611664
0.9733285267845753 0.9434563530497265
0.9999999999999999 0.9899494936611664
0.9999999999999999 0.9899494936611664
0.9999999999999999 0.9899494936611664
0.9999999999999999 0.9899494936611664
0.9999999999999999 0.9899494936611664
1.0 0.9838699100999074
0.9999999999999999 0.9899494936611664
0.9999999999999999 0.9899494936611664
1.0 0.9838699100999074
0.9999999999999999 0.9899494936611664
1.0 0.9838699100999074
0.9682458365518541 0.9921650741643421
1.0 0.9838699100999074
0.9999999999999999 0.9899494936611664
0.9999999999999999 0.9899494936611664
0.9999999999999999 0.9899494936611664
0.9999999999999999 0.9899494936611664
0.9999999999999999 0.9899494936611664
0.9999999999999999 0.9899494936611664
0.9999999999999999 0.9899494936611664
0.962719724682466 0.9658242787731629
1.0 0.9771071235928815
0.9999999999999999 0.9899494936611664
1.0 0.9771071235928815
1.0 0.9735085561076324
0.9999999999999999 0.9899494936611664
0.9733285267845753 0.9434563530497265
0.9999999999999999 0.9899494936611664
0.9999999999999999 0.9899494936611664
0.9999999999999999 0.9899494936611664
0.9999999999999999 0.9899494936611664
0.9999999999999999 0.9899494936611664
0.9999999999999999 0.9899494936611664
0.9682458365518541 0.9921650741643421
0.9999999999999999 0.9899494936611664
0.9733285267845753 0.9434563530497265
1.0 0.9925833339709303
0.9733285267845753 0.9434563530497265
0.9999999999999999 0.9899494936611664
0.9999999999999999 0.9899494936611664
0.9999999999999999 0.9899494936611664
0.9999999999999999 0.9899494936611664
1.0 0.9838699100999074
0.9999999999999999 0.9899494936611664
0.9999999999999999 0.9899494936611664
0.9999999999999999 0.9899494936611664
1.0 0.9838699100999074
0.9999999999999999 0.9899494936611664
0.9733285267845753 0.9434563530497265
0.9999999999999999 0.9899494936611664
0.9733285267845753 0.9434563530497265
1.0 0.9838699100999074
0.9999999999999999 0.9899494936611664
0.9999999999999999 0.9899494936611664
0.9999999999999999 0.9899494936611664
0.9999999999999999 0.9899494936611664
0.9999999999999999 0.9899494936611664
1.0 0.9838699100999074
0.9999999999999999 0.9899494936611664
0.9999999999999999 0.9899494936611664
1.0 0.9771071235928815
0.9999999999999999 0.9899494936611664
1.0 0.9838699100999074
0.9999999999999999 0.9899494936611664
0.9885710532241613 0.9280713951127696
0.9999999999999999 0.9899494936611664
0.9999999999999999 0.9899494936611664
0.9999999999999999 0.9899494936611664
0.9999999999999999 0.9899494936611664
0.9733285267845753 0.9434563530497265
1.0 0.9838699100999074
1.0 0.9771071235928815
0.9999999999999999 0.9899494936611664
0.9999999999999999 0.9899494936611664
0.9999999999999999 0.9899494936611664
0.9999999999999999 0.9899494936611664
1.0 0.9925833339709303
1.0 0.9735085561076324
0.9733285267845753 0.9434563530497265
0.9733285267845753 0.9434563530497265
1.0 0.9925833339709303
0.9999999999999999 0.9899494936611664
0.9999999999999999 0.9899494936611664
0.9999999999999999 0.9899494936611664
1.0 1.0000000000000002
0.9999999999999999 0.9899494936611664
0.9999999999999999 0.9899494936611664
0.9999999999999999 0.9899494936611664
0.9999999999999999 0.9899494936611664
1.0 1.0000000000000002
0.9999999999999999 0.9899494936611664
0.9999999999999999 0.9899494936611664
1.0 0.9771071235928815
0.9999999999999999 0.9899494936611664
1.0 0.9838699100999074
0.9999999999999999 0.9899494936611664
1.0 0.9771071235928815
0.9999999999999999 0.9899494936611664
1.0 0.9771071235928815
0.9999999999999999 0.9899494936611664
0.9999999999999999 0.9899494936611664
1.0 0.9771071235928815
0.9999999999999999 0.9899494936611664
0.9999999999999999 0.9899494936611664
0.9999999999999999 0.9899494936611664
1.0 0.9735085561076324
1.0 0.9925833339709303
0.9999999999999999 0.9899494936611664
0.9999999999999999 0.9899494936611664
0.9999999999999999 0.9899494936611664
0.9999999999999999 0.9899494936611664
0.9999999999999999 0.9899494936611664
1.0 0.9771071235928815
0.9999999999999999 0.9899494936611664
0.9999999999999999 0.9899494936611664
0.9885710532241613 0.9280713951127696
1.0 0.9838699100999074
0.9999999999999999 0.9899494936611664
0.9999999999999999 0.9899494936611664
0.9999999999999999 0.9899494936611664
1.0 1.0000000000000002
1.0 1.0000000000000002
0.9999999999999999 0.9899494936611664
0.9999999999999999 0.9899494936611664
0.9999999999999999 0.9899494936611664
0.9999999999999999 0.9899494936611664
0.9733285267845753 0.9434563530497265
0.9999999999999999 0.9899494936611664
0.9733285267845753 0.9434563530497265
0.9733285267845753 0.9434563530497265
1.0 0.9838699100999074
0.9999999999999999 0.9899494936611664
0.9999999999999999 0.9899494936611664
0.9999999999999999 0.9899494936611664
1.0 0.9771071235928815
0.9999999999999999 0.9899494936611664
0.9999999999999999 0.9899494936611664
0.9999999999999999 0.9899494936611664
0.9999999999999999 0.9899494936611664
0.9733285267845753 0.9434563530497265
0.9999999999999999 0.9899494936611664
0.9999999999999999 0.9899494936611664
1.0 0.9838699100999074
0.9999999999999999 0.9899494936611664
0.9999999999999999 0.9899494936611664
0.9999999999999999 0.9899494936611664
0.9999999999999999 0.9899494936611664
0.9999999999999999 0.9899494936611664
0.9999999999999999 0.9899494936611664
1.0 0.9838699100999074
1.0 0.9771071235928815
0.9999999999999999 0.9899494936611664
0.9999999999999999 0.9899494936611664
0.9999999999999999 0.9899494936611664
0.9999999999999999 0.9899494936611664
0.9999999999999999 0.9899494936611664
0.9999999999999999 0.9899494936611664
0.9130434782608695 0.9214813847452393
0.9999999999999999 0.9899494936611664
0.9999999999999999 0.9899494936611664
1.0 0.9838699100999074
0.9999999999999999 0.9899494936611664
0.9885710532241613 0.9280713951127696
0.9999999999999999 0.9899494936611664
0.9999999999999999 0.9899494936611664
0.9999999999999999 0.9899494936611664
1.0 0.9735085561076324
0.9999999999999999 0.9899494936611664
1.0 0.9771071235928815
1.0 0.9771071235928815
1.0 0.9838699100999074
1.0 0.9838699100999074
0.9733285267845753 0.9434563530497265
0.9999999999999999 0.9899494936611664
0.9999999999999999 0.9899494936611664
0.9999999999999999 0.9899494936611664
0.9999999999999999 0.9899494936611664
1.0 0.9771071235928815
0.9999999999999999 0.9899494936611664
1.0 0.9925833339709303
0.9999999999999999 0.9899494936611664
0.9999999999999999 0.9646725607896798
0.9999999999999999 0.9899494936611664
0.9999999999999999 0.9899494936611664
0.9999999999999999 0.9899494936611664
0.9999999999999999 0.9899494936611664
0.9999999999999999 0.9899494936611664
0.9999999999999999 0.9899494936611664
0.9999999999999999 0.9899494936611664
1.0 0.9838699100999074
1.0 0.9838699100999074
1.0 0.9771071235928815
0.9999999999999999 0.9899494936611664
1.0 0.9838699100999074
0.9999999999999999 0.9899494936611664
1.0 0.9771071235928815
0.9999999999999999 0.9899494936611664
1.0 0.9771071235928815
0.960768922830523 0.9870974199302355
1.0 0.9771071235928815
0.9999999999999999 0.9899494936611664
0.9999999999999999 0.9899494936611664
0.9999999999999999 0.9899494936611664
1.0 0.9771071235928815
1.0 0.9771071235928815
1.0 0.9925833339709303
1.0 0.9771071235928815
1.0 0.9838699100999074
0.9999999999999999 0.9899494936611664
0.9999999999999999 0.9899494936611664
0.9999999999999999 0.9899494936611664
0.9999999999999999 0.9899494936611664
1.0 0.9925833339709303
0.9999999999999999 0.9899494936611664
0.9999999999999999 0.9899494936611664
0.9999999999999999 0.9899494936611664
0.9182191382286217 0.9243886531229557
0.9733285267845753 0.9434563530497265
0.893819357296686 0.9182622582426504
0.9999999999999999 0.9646725607896798
0.9999999999999999 0.9899494936611664
0.9999999999999999 0.9899494936611664
1.0 0.9771071235928815
0.9999999999999999 0.9899494936611664
0.9999999999999999 0.9899494936611664
1.0 0.9771071235928815
0.9999999999999999 0.9899494936611664
0.9999999999999999 0.9899494936611664
0.9999999999999999 0.9899494936611664
0.9999999999999999 0.9899494936611664
0.9999999999999999 0.9899494936611664
1.0 0.9838699100999074
1.0 0.9771071235928815
0.9999999999999999 0.9899494936611664
0.9999999999999999 0.9899494936611664
0.9733285267845753 0.9434563530497265
0.9885710532241613 0.9280713951127696
1.0 0.9838699100999074
0.9999999999999999 0.9899494936611664
0.9999999999999999 0.9899494936611664
1.0 0.9838699100999074
0.9999999999999999 0.9899494936611664
1.0 0.9771071235928815
1.0 0.9838699100999074
0.9999999999999999 0.9899494936611664
0.9999999999999999 0.9899494936611664
0.9733285267845753 0.9434563530497265
1.0 0.9838699100999074
0.9999999999999999 0.9899494936611664
0.920736884379251 0.9283187361560953
0.9999999999999999 0.9899494936611664
0.9999999999999999 0.9899494936611664
0.9999999999999999 0.9899494936611664
0.9999999999999999 0.9899494936611664
0.9999999999999999 0.9899494936611664
0.9999999999999999 0.9899494936611664
0.9999999999999999 0.9899494936611664
0.9999999999999999 0.9899494936611664
0.9999999999999999 0.9899494936611664
0.9885710532241613 0.9280713951127696
0.9999999999999999 0.9899494936611664
0.9999999999999999 0.9899494936611664
0.9733285267845753 0.9434563530497265
0.9999999999999999 0.9899494936611664
0.9999999999999999 0.9899494936611664
0.9999999999999999 0.9899494936611664
0.9999999999999999 0.9899494936611664
0.9999999999999999 0.9899494936611664
0.9999999999999999 0.9899494936611664
0.9999999999999999 0.9899494936611664
0.9999999999999999 0.9899494936611664
0.9999999999999999 0.9899494936611664
0.9999999999999999 0.9899494936611664
0.9999999999999999 0.9899494936611664
0.9733285267845753 0.9434563530497265
1.0 0.9838699100999074
0.9999999999999999 0.9899494936611664
0.9999999999999999 0.9899494936611664
0.9999999999999999 0.9899494936611664
0.9999999999999999 0.9899494936611664
0.9999999999999999 0.9899494936611664
0.9999999999999999 0.9899494936611664
1.0 0.9771071235928815
0.9999999999999999 0.9899494936611664
0.9999999999999999 0.9899494936611664
0.9999999999999999 0.9899494936611664
0.9999999999999999 0.9899494936611664
0.9999999999999999 0.9899494936611664
0.9999999999999999 0.9899494936611664
0.9999999999999999 0.9899494936611664
0.9885710532241613 0.9280713951127696
0.9999999999999999 0.9899494936611664
0.9999999999999999 0.9899494936611664
0.9999999999999999 0.9899494936611664
0.9999999999999999 0.9899494936611664
0.9885710532241613 0.9280713951127696
0.9999999999999999 0.9899494936611664
1.0 0.9838699100999074
0.9999999999999999 0.9899494936611664
0.9999999999999999 0.9899494936611664
0.9999999999999999 0.9899494936611664
1.0 0.9771071235928815
1.0 0.9838699100999074
0.9999999999999999 0.9899494936611664
0.9999999999999999 0.9899494936611664
0.9999999999999999 0.9899494936611664
0.9999999999999999 0.9899494936611664
0.9999999999999999 0.9899494936611664
0.9999999999999999 0.9899494936611664
0.9999999999999999 0.9899494936611664
0.9999999999999999 0.9899494936611664
0.9999999999999999 0.9899494936611664
1.0 1.0000000000000002
0.9999999999999999 0.9899494936611664
0.9999999999999999 0.9899494936611664
0.9999999999999999 0.9899494936611664
0.9999999999999999 0.9899494936611664
0.9999999999999999 0.9899494936611664
0.9999999999999999 0.9899494936611664
0.9999999999999999 0.9899494936611664
0.9999999999999999 0.9899494936611664
0.920736884379251 0.9925894202200858
0.9999999999999999 0.9899494936611664
0.9999999999999999 0.9899494936611664
0.9999999999999999 0.9899494936611664
0.9733285267845753 0.9434563530497265
1.0 1.0000000000000002
0.9999999999999999 0.9899494936611664
0.9999999999999999 0.9899494936611664
0.9999999999999999 0.9899494936611664
1.0 0.9838699100999074
0.9999999999999999 0.9899494936611664
1.0 0.9925833339709303
0.9999999999999999 0.9899494936611664
0.9999999999999999 0.9899494936611664
0.9733285267845753 0.9434563530497265
0.960768922830523 0.9870974199302355
0.9999999999999999 0.9899494936611664
1.0 1.0000000000000002
1.0 0.9838699100999074
0.9999999999999999 0.9899494936611664
1.0 0.9838699100999074
1.0 1.0000000000000002
1.0 0.9735085561076324
0.9733285267845753 0.9434563530497265
0.9999999999999999 0.9899494936611664
0.9999999999999999 0.9899494936611664
0.9999999999999999 0.9899494936611664
0.9999999999999999 0.9899494936611664
0.9999999999999999 0.9899494936611664
0.9999999999999999 0.9899494936611664
1.0 0.9838699100999074
1.0 0.9771071235928815
0.9999999999999999 0.9899494936611664
1.0 1.0000000000000002
0.9999999999999999 0.9899494936611664
0.9999999999999999 0.9899494936611664
1.0 0.9735085561076324
0.9733285267845753 0.9434563530497265
1.0 0.9838699100999074
0.9999999999999999 0.9899494936611664
1.0 1.0000000000000002
0.9999999999999999 0.9899494936611664
1.0 0.9771071235928815
0.9999999999999999 0.9899494936611664
0.9999999999999999 0.9899494936611664
0.9999999999999999 0.9899494936611664
0.9999999999999999 0.9899494936611664
0.9999999999999999 0.9899494936611664
0.9999999999999999 0.9899494936611664
0.9999999999999999 0.9899494936611664
0.9999999999999999 0.9899494936611664
1.0 0.9838699100999074
1.0 1.0000000000000002
0.9999999999999999 0.9899494936611664
0.9999999999999999 0.9899494936611664
0.9999999999999999 0.9899494936611664
0.9885710532241613 0.9280713951127696
0.920736884379251 0.9925894202200858
0.9999999999999999 0.9899494936611664
0.9999999999999999 0.9899494936611664
0.9733285267845753 0.9434563530497265
0.9999999999999999 0.9899494936611664
0.9999999999999999 0.9899494936611664
0.9999999999999999 0.9899494936611664
0.9999999999999999 0.9899494936611664
0.9130434782608695 0.9214813847452393
1.0 0.9838699100999074
0.962719724682466 0.9658242787731629
0.9999999999999999 0.9899494936611664
1.0 0.9771071235928815
0.9999999999999999 0.9899494936611664
0.9999999999999999 0.9899494936611664
0.9999999999999999 0.9899494936611664
0.9999999999999999 0.9899494936611664
0.9999999999999999 0.9899494936611664
0.9999999999999999 0.9899494936611664
1.0 0.9771071235928815
0.9999999999999999 0.9899494936611664
0.9999999999999999 0.9899494936611664
0.9999999999999999 0.9899494936611664
1.0 0.9838699100999074
0.9999999999999999 0.9899494936611664
0.9999999999999999 0.9899494936611664
0.9733285267845753 0.9434563530497265
0.9999999999999999 0.9899494936611664
1.0 0.9771071235928815
0.9999999999999999 0.9899494936611664
0.9999999999999999 0.9899494936611664
0.9999999999999999 0.9899494936611664
0.9999999999999999 0.9899494936611664
0.9999999999999999 0.9899494936611664
1.0 0.9838699100999074
0.9999999999999999 0.9899494936611664
0.9733285267845753 0.9434563530497265
0.9999999999999999 0.9899494936611664
1.0 0.9771071235928815
0.9999999999999999 0.9899494936611664
0.9999999999999999 0.9899494936611664
0.9999999999999999 0.9899494936611664
0.9999999999999999 0.9899494936611664
0.9999999999999999 0.9899494936611664
0.9999999999999999 0.9899494936611664
1.0 0.9771071235928815
0.9999999999999999 0.9899494936611664
1.0 0.9838699100999074
0.9999999999999999 0.9899494936611664
1.0 0.9838699100999074
1.0 0.9735085561076324
0.9999999999999999 0.9899494936611664
1.0 0.9735085561076324
0.9733285267845753 0.9434563530497265
0.9733285267845753 0.9434563530497265
0.9999999999999999 0.9899494936611664
0.9999999999999999 0.9899494936611664
0.9999999999999999 0.9899494936611664
0.9999999999999999 0.9899494936611664
1.0 0.9838699100999074
0.9999999999999999 0.9899494936611664
1.0 0.9771071235928815
0.9733285267845753 0.9434563530497265
0.9999999999999999 0.9899494936611664
1.0 0.9771071235928815
0.9999999999999999 0.9899494936611664
0.9999999999999999 0.9899494936611664
0.9733285267845753 0.9434563530497265
1.0 0.9771071235928815
0.9999999999999999 0.9899494936611664
0.9999999999999999 0.9899494936611664
0.9999999999999999 0.9899494936611664
0.9999999999999999 0.9899494936611664
0.9999999999999999 0.9899494936611664
0.9999999999999999 0.9899494936611664
0.9999999999999999 0.9899494936611664
0.9885710532241613 0.9280713951127696
0.9999999999999999 0.9899494936611664
0.9999999999999999 0.9899494936611664
0.9999999999999999 0.9899494936611664
0.9999999999999999 0.9899494936611664
0.9999999999999999 0.9899494936611664
0.9999999999999999 0.9899494936611664
1.0 0.9838699100999074
0.9999999999999999 0.9899494936611664
0.9733285267845753 0.9434563530497265
0.9999999999999999 0.9899494936611664
0.9999999999999999 0.9899494936611664
0.9999999999999999 0.9899494936611664
0.9999999999999999 0.9899494936611664
0.9999999999999999 0.9899494936611664
0.9999999999999999 0.9899494936611664
0.9999999999999999 0.9899494936611664
0.9999999999999999 0.9899494936611664
0.9999999999999999 0.9899494936611664
0.9999999999999999 0.9899494936611664
0.9733285267845753 0.9434563530497265
0.9733285267845753 0.9434563530497265
0.9999999999999998 1.0
0.9733285267845753 0.9434563530497265
0.9885710532241613 0.9280713951127696
0.9999999999999999 0.9899494936611664
1.0 0.9771071235928815
1.0 0.9925833339709303
1.0 0.9925833339709303
1.0 0.9838699100999074
0.9733285267845753 0.9434563530497265
0.9999999999999999 0.9899494936611664
1.0 0.9838699100999074
0.9182191382286217 0.9243886531229557
0.9999999999999999 0.9899494936611664
0.9999999999999999 0.9899494936611664
0.9999999999999999 0.9899494936611664
0.9999999999999999 0.9899494936611664
0.9182191382286217 0.9243886531229557
0.9999999999999999 0.9899494936611664
1.0 0.9838699100999074
0.9999999999999999 0.9899494936611664
1.0 0.9838699100999074
0.9999999999999999 0.9899494936611664
0.9999999999999999 0.9899494936611664
0.9999999999999999 0.9899494936611664
0.9999999999999999 0.9899494936611664
0.9999999999999999 0.9899494936611664
0.9999999999999999 0.9899494936611664
1.0 0.9735085561076324
0.9999999999999999 0.9899494936611664
0.9999999999999999 0.9899494936611664
0.9999999999999999 0.9899494936611664
0.9999999999999999 0.9899494936611664
0.9999999999999999 0.9899494936611664
0.9999999999999999 0.9899494936611664
0.9999999999999999 0.9899494936611664
0.9999999999999999 0.9899494936611664
0.9999999999999999 0.9899494936611664
0.9999999999999999 0.9899494936611664
1.0 0.9735085561076324
0.9999999999999999 0.9899494936611664
0.9999999999999999 0.9899494936611664
0.9999999999999999 0.9899494936611664
0.9733285267845753 0.9434563530497265
0.9999999999999999 0.9899494936611664
0.9999999999999999 0.9899494936611664
0.9999999999999999 0.9899494936611664
0.9999999999999999 0.9899494936611664
1.0 0.9838699100999074
0.9999999999999999 0.9899494936611664
1.0 0.9847319278346619
0.9999999999999999 0.9899494936611664
0.9733285267845753 0.9434563530497265
1.0 1.0000000000000002
0.9999999999999999 0.9899494936611664
0.9999999999999999 0.9899494936611664
1.0 0.9735085561076324
0.9182191382286217 0.9243886531229557
0.9999999999999999 0.9899494936611664
0.9999999999999999 0.9899494936611664
0.9999999999999999 0.9899494936611664
0.9999999999999999 0.9899494936611664
1.0 0.9925833339709303
0.9999999999999999 0.9899494936611664
0.9999999999999999 0.9899494936611664
1.0 0.9838699100999074
1.0 0.9838699100999074
0.9999999999999999 0.9899494936611664
0.9999999999999999 0.9899494936611664
0.9999999999999999 0.9899494936611664
0.9999999999999999 0.9899494936611664
0.9999999999999999 0.9899494936611664
1.0 0.9771071235928815
0.9999999999999999 0.9899494936611664
0.9999999999999999 0.9899494936611664
0.9999999999999999 0.9899494936611664
0.9999999999999999 0.9899494936611664
0.9999999999999999 0.9899494936611664
0.9999999999999999 0.9899494936611664
1.0 0.9838699100999074
0.9999999999999999 0.9899494936611664
1.0 0.9925833339709303
0.9999999999999999 0.9899494936611664
0.960768922830523 0.9870974199302355
0.9999999999999999 0.9899494936611664
0.9999999999999999 0.9899494936611664
0.9885710532241613 0.9280713951127696
0.9999999999999999 0.9899494936611664
0.9999999999999999 0.9899494936611664
1.0 0.9771071235928815
0.9999999999999999 0.9899494936611664
0.9999999999999999 0.9899494936611664
0.9999999999999999 0.9899494936611664
0.9999999999999999 0.9899494936611664
0.9999999999999999 0.9899494936611664
0.9999999999999999 0.9899494936611664
0.9999999999999999 0.9899494936611664
0.9999999999999999 0.9899494936611664
0.9999999999999999 0.9899494936611664
0.9999999999999999 0.9899494936611664
1.0 0.9771071235928815
0.9999999999999999 0.9899494936611664
1.0 1.0000000000000002
1.0 1.0000000000000002
0.9999999999999999 0.9899494936611664
0.9885710532241613 0.9280713951127696
1.0 0.9838699100999074
1.0 0.9838699100999074
0.9999999999999999 0.9899494936611664
1.0 0.9838699100999074
0.9999999999999999 0.9899494936611664
1.0 0.9379533404160172
1.0 0.9838699100999074
0.9999999999999999 0.9899494936611664
0.9999999999999999 0.9899494936611664
1.0 0.9771071235928815
1.0 0.9838699100999074
0.9999999999999999 0.9899494936611664
0.9733285267845753 0.9434563530497265
0.9182191382286217 0.9243886531229557
0.9733285267845753 0.9434563530497265
0.9733285267845753 0.9434563530497265
0.9733285267845753 0.9434563530497265
0.9999999999999999 0.9899494936611664
0.9999999999999999 0.9899494936611664
0.9999999999999999 0.9899494936611664
0.9999999999999999 0.9899494936611664
1.0 0.9771071235928815
0.9999999999999999 0.9899494936611664
0.9999999999999999 0.9899494936611664
1.0 0.9771071235928815
0.9999999999999999 0.9899494936611664
0.9999999999999999 0.9899494936611664
0.9999999999999999 0.9899494936611664
0.9999999999999999 0.9899494936611664
0.9801960588196068 0.9939701928056226
0.9999999999999999 0.9899494936611664
0.9999999999999999 0.9899494936611664
0.9999999999999999 0.9899494936611664
0.9999999999999999 0.9899494936611664
0.9999999999999999 0.9899494936611664
1.0 0.9838699100999074
0.9999999999999999 0.9899494936611664
1.0 0.9838699100999074
0.9999999999999999 0.9899494936611664
0.9999999999999999 0.9899494936611664
0.9999999999999999 0.9899494936611664
1.0 0.9771071235928815
1.0 0.9771071235928815
0.9885710532241613 0.9280713951127696
0.9999999999999999 0.9899494936611664
0.9999999999999999 0.9899494936611664
0.9999999999999999 0.9899494936611664
0.9999999999999999 0.9899494936611664
0.9999999999999999 0.9899494936611664
0.9999999999999999 0.9899494936611664
0.9999999999999999 0.9899494936611664
1.0 0.9838699100999074
0.9999999999999999 0.9899494936611664
0.9999999999999999 0.9899494936611664
1.0 0.9838699100999074
0.9999999999999999 0.9899494936611664
0.9999999999999999 0.9899494936611664
0.9999999999999999 0.9899494936611664
0.9999999999999999 0.9899494936611664
0.9733285267845753 0.9434563530497265
1.0 0.9771071235928815
0.9999999999999999 0.9899494936611664
0.9999999999999999 0.9899494936611664
0.9999999999999999 0.9899494936611664
0.9999999999999999 0.9899494936611664
1.0 0.9838699100999074
0.9885710532241613 0.9280713951127696
0.9999999999999999 0.9899494936611664
0.9999999999999999 0.9899494936611664
0.9999999999999999 0.9899494936611664
0.960768922830523 0.9870974199302355
1.0 0.9771071235928815
0.9999999999999999 0.9899494936611664
0.9999999999999999 0.9899494936611664
0.9999999999999999 0.9899494936611664
0.9999999999999999 0.9899494936611664
0.9999999999999999 0.9899494936611664
0.9999999999999999 0.9899494936611664
0.9733285267845753 0.9434563530497265
0.9999999999999999 0.9899494936611664
0.9999999999999999 0.9899494936611664
0.9999999999999999 0.9899494936611664
0.9999999999999999 0.9899494936611664
0.9999999999999999 0.9899494936611664
1.0 0.9838699100999074
0.9999999999999999 0.9899494936611664
0.9999999999999999 0.9899494936611664
0.9999999999999999 0.9899494936611664
0.9999999999999999 0.9899494936611664
0.9999999999999999 0.9899494936611664
0.9999999999999999 0.9899494936611664
0.9999999999999999 0.9646725607896798
0.9999999999999999 0.9899494936611664
1.0 1.0000000000000002
0.9999999999999999 0.9899494936611664
0.9999999999999999 0.9899494936611664
1.0 0.9735085561076324
0.9999999999999999 0.9899494936611664
0.9733285267845753 0.9434563530497265
0.9999999999999999 0.9899494936611664
1.0 0.9838699100999074
0.9733285267845753 0.9434563530497265
1.0 0.9838699100999074
0.9999999999999999 0.9899494936611664
0.9999999999999999 0.9899494936611664
0.9999999999999999 0.9899494936611664
0.893819357296686 0.9182622582426504
0.9999999999999999 0.9899494936611664
0.9999999999999999 0.9899494936611664
0.9999999999999999 0.9899494936611664
0.9999999999999999 0.9899494936611664
1.0 0.9771071235928815
0.9999999999999999 0.9899494936611664
1.0 0.9838699100999074
0.9999999999999999 0.9899494936611664
1.0 0.9838699100999074
1.0 0.9771071235928815
0.9999999999999999 0.9899494936611664
0.9733285267845753 0.9434563530497265
0.9999999999999999 0.9899494936611664
0.9999999999999999 0.9899494936611664
1.0 1.0000000000000002
0.9999999999999999 0.9899494936611664
1.0 0.9838699100999074
0.9999999999999999 0.9899494936611664
1.0 0.9771071235928815
0.9999999999999999 0.9899494936611664
0.9999999999999999 0.9899494936611664
0.9999999999999999 0.9899494936611664
0.9999999999999999 0.9899494936611664
0.9999999999999999 0.9899494936611664
1.0 0.9925833339709303
0.9999999999999999 0.9899494936611664
0.9999999999999999 0.9899494936611664
0.9885710532241613 0.9280713951127696
1.0 0.9838699100999074
0.9999999999999999 0.9899494936611664
0.960768922830523 0.9870974199302355
0.9999999999999999 0.9899494936611664
1.0 0.9925833339709303
0.9999999999999999 0.9899494936611664
1.0 0.9771071235928815
0.9999999999999999 0.9899494936611664
1.0 0.9838699100999074
0.9999999999999999 0.9899494936611664
0.9999999999999999 0.9899494936611664
1.0 0.9838699100999074
0.9999999999999999 0.9899494936611664
0.9999999999999999 0.9899494936611664
0.9999999999999999 0.9899494936611664
0.9999999999999999 0.9899494936611664
0.9999999999999999 0.9899494936611664
1.0 0.9771071235928815
0.9999999999999999 0.9899494936611664
0.9999999999999999 0.9899494936611664
0.9999999999999999 0.9899494936611664
0.9999999999999999 0.9899494936611664
0.9999999999999999 0.9899494936611664
0.9999999999999999 0.9899494936611664
0.9999999999999999 0.9899494936611664
0.9999999999999999 0.9899494936611664
