0.9211323729436764 0.8320502943378438
0.9211323729436764 0.8320502943378438
0.9093531090412993 0.98051059878037
0.9093531090412993 0.98051059878037
0.9211323729436764 0.8320502943378438
0.9211323729436764 0.8320502943378437
0.9211323729436764 0.8320502943378437
0.7053867426838487 0.5130063461573001
0.8451542547285166 0.7432941462471663
0.8451542547285166 0.7432941462471663
0.8432740427115677 0.7112867591590198
0.9211323729436764 0.8320502943378437
0.8451542547285166 0.7432941462471663
0.9211323729436764 0.8320502943378438
0.9004503377814964 0.6998542122237651
0.9211323729436764 0.8320502943378437
0.9211323729436764 0.8320502943378438
0.9211323729436764 0.8320502943378438
0.9211323729436764 0.8320502943378437
0.9211323729436764 0.8320502943378437
0.835467353046005 0.7002457155550214
0.9211323729436764 0.8320502943378437
0.8432740427115677 0.71128675915902
0.9211323729436764 0.8320502943378438
0.9093531090412993 0.9884162545657523
0.8451542547285166 0.7432941462471663
0.8432740427115677 0.7112867591590198
0.9211323729436764 0.8320502943378438
0.9211323729436764 0.8320502943378437
0.9211323729436764 0.8320502943378437
0.8432740427115677 0.7112867591590198
0.9211323729436764 0.8320502943378438
0.9211323729436764 0.8320502943378437
0.693103280083672 0.6535078806215777
0.7888106377466153 0.670736556419859
0.9211323729436764 0.8320502943378437
0.9211323729436764 0.8320502943378438
0.9211323729436764 0.8320502943378438
0.9004503377814964 0.6998542122237651
0.9211323729436764 0.8320502943378437
0.9211323729436764 0.8320502943378437
0.9211323729436764 0.8320502943378438
0.8314971796756815 0.645032298932904
0.9211323729436764 0.8320502943378438
0.9211323729436764 0.8320502943378438
0.9004503377814964 0.6998542122237651
0.9093531090412993 0.9884162545657523
0.8432740427115677 0.71128675915902
0.9211323729436764 0.8320502943378437
0.9393364366277241 0.9800708858588607
0.8451542547285166 0.7432941462471663
0.8451542547285166 0.7432941462471663
0.8451542547285166 0.7432941462471663
0.9211323729436764 0.8320502943378437
0.9211323729436764 0.8320502943378437
0.9211323729436764 0.8320502943378438
0.9004503377814964 0.6998542122237651
0.8314971796756815 0.645032298932904
0.9211323729436764 0.8320502943378437
0.9211323729436764 0.8320502943378438
0.9093531090412993 0.98051059878037
0.8432740427115677 0.7112867591590198
0.9004503377814964 0.6998542122237651
0.9211323729436764 0.8320502943378437
0.9211323729436764 0.8320502943378438
0.9211323729436764 0.8320502943378438
0.9211323729436764 0.8320502943378437
0.8451542547285166 0.7432941462471663
0.8314971796756815 0.645032298932904
0.9211323729436764 0.8320502943378437
0.9211323729436764 0.8320502943378438
0.9211323729436764 0.8320502943378437
0.960768922830523 1.0
0.9211323729436764 0.8320502943378438
0.9211323729436764 0.8320502943378438
0.9211323729436764 0.8320502943378438
0.9211323729436764 0.8320502943378437
0.9211323729436764 0.8320502943378437
0.9211323729436764 0.8320502943378437
0.9004503377814964 0.6998542122237651
0.9211323729436764 0.8320502943378437
0.9211323729436764 0.8320502943378437
0.9211323729436764 0.8320502943378437
0.8314971796756815 0.645032298932904
0.9211323729436764 0.8320502943378438
0.9093531090412993 0.98051059878037
0.8451542547285166 0.7432941462471663
0.8451542547285166 0.7432941462471663
0.8006407690254357 0.6524866374327201
0.9211323729436764 0.8320502943378437
0.9004503377814964 0.6998542122237651
0.9211323729436764 0.8320502943378437
0.9211323729436764 0.8320502943378438
0.9211323729436764 0.8320502943378437
0.9004503377814964 0.6998542122237651
0.9211323729436764 0.8320502943378438
0.9211323729436764 0.8320502943378438
0.8451542547285166 0.7432941462471663
0.9211323729436764 0.8320502943378438
0.9211323729436764 0.8320502943378438
0.9211323729436764 0.8320502943378437
0.9211323729436764 0.8320502943378438
0.9211323729436764 0.8320502943378437
0.9211323729436764 0.8320502943378437
0.9211323729436764 0.8320502943378438
0.8451542547285166 0.7432941462471663
0.9211323729436764 0.8320502943378437
0.8770580193070292 0.8528028654224417
0.9211323729436764 0.8320502943378438
0.693103280083672 0.6535078806215777
0.9211323729436764 0.8320502943378438
0.9211323729436764 0.8320502943378437
0.9211323729436764 0.8320502943378437
0.9211323729436764 0.8320502943378438
0.9211323729436764 0.8320502943378438
0.9211323729436764 0.8320502943378438
0.9211323729436764 0.8320502943378437
0.9211323729436764 0.8320502943378437
0.9004503377814964 0.6998542122237651
0.9211323729436764 0.8320502943378437
0.8432740427115677 0.7112867591590198
0.9211323729436764 0.8320502943378438
0.9211323729436764 0.8320502943378438
0.9211323729436764 0.8320502943378438
0.8432740427115677 0.7112867591590198
0.9211323729436764 0.8320502943378438
0.9211323729436764 0.8320502943378437
0.9211323729436764 0.8320502943378437
0.9004503377814964 0.6998542122237651
0.9428090415820635 1.0
0.9211323729436764 0.8320502943378437
0.9211323729436764 0.8320502943378437
0.9211323729436764 0.8320502943378438
0.9211323729436764 0.8320502943378437
0.693103280083672 0.6535078806215777
0.9211323729436764 0.8320502943378438
0.9211323729436764 0.8320502943378437
0.9211323729436764 0.8320502943378438
0.9093531090412993 0.98051059878037
0.9211323729436764 0.8320502943378437
0.9211323729436764 0.8320502943378438
0.693103280083672 0.6535078806215777
0.9211323729436764 0.8320502943378438
0.8451542547285166 0.7432941462471663
0.9004503377814964 0.6998542122237651
0.9211323729436764 0.8320502943378437
0.8314971796756815 0.645032298932904
0.9211323729436764 0.8320502943378437
0.8770580193070292 0.8528028654224417
0.8451542547285166 0.7432941462471663
0.9354143466934852 0.8320502943378438
0.9211323729436764 0.8320502943378438
0.9211323729436764 0.8320502943378438
0.9211323729436764 0.8320502943378437
0.9211323729436764 0.8320502943378437
0.9211323729436764 0.8320502943378438
0.9004503377814964 0.6998542122237651
0.9211323729436764 0.8320502943378438
0.9211323729436764 0.8320502943378438
0.8432740427115677 0.7112867591590198
0.9211323729436764 0.8320502943378438
0.9211323729436764 0.8320502943378437
0.8432740427115677 0.71128675915902
0.8451542547285166 0.7432941462471663
0.9211323729436764 0.8320502943378437
0.9211323729436764 0.8320502943378437
0.9004503377814964 0.6998542122237651
0.9211323729436764 0.8320502943378438
0.8432740427115677 0.71128675915902
0.9004503377814964 0.6998542122237651
0.9211323729436764 0.8320502943378437
0.9211323729436764 0.8320502943378437
0.9211323729436764 0.8320502943378437
0.9211323729436764 0.8320502943378438
0.8432740427115677 0.71128675915902
0.9211323729436764 0.8320502943378438
0.9211323729436764 0.8320502943378437
0.9211323729436764 0.8320502943378437
0.9211323729436764 0.8320502943378438
0.8451542547285166 0.7432941462471663
0.8770580193070292 0.8528028654224417
0.9211323729436764 0.8320502943378438
0.9211323729436764 0.8320502943378437
0.9211323729436764 0.8320502943378438
0.9211323729436764 0.8320502943378438
0.9211323729436764 0.8320502943378437
0.9211323729436764 0.8320502943378438
0.9004503377814964 0.6998542122237651
0.9211323729436764 0.8320502943378438
0.9211323729436764 0.8320502943378437
0.8432740427115677 0.71128675915902
0.9211323729436764 0.8320502943378438
0.9004503377814964 0.6998542122237651
0.9004503377814964 0.6998542122237651
0.9211323729436764 0.8320502943378438
0.9211323729436764 0.8320502943378437
0.8451542547285166 0.7432941462471663
0.9211323729436764 0.8320502943378438
0.9211323729436764 0.8320502943378438
0.960768922830523 1.0
0.9211323729436764 0.8320502943378437
0.8314971796756815 0.645032298932904
0.9004503377814964 0.6998542122237651
0.9211323729436764 0.8320502943378438
0.9211323729436764 0.8320502943378437
0.9211323729436764 0.8320502943378437
0.8451542547285166 0.7432941462471663
0.8089377861617926 0.6508639643913603
0.9211323729436764 0.8320502943378437
0.9211323729436764 0.8320502943378437
0.9211323729436764 0.8320502943378437
0.9211323729436764 0.8320502943378437
0.8451542547285166 0.7432941462471663
0.9211323729436764 0.8320502943378438
0.9211323729436764 0.8320502943378438
0.9211323729436764 0.8320502943378437
0.8432740427115677 0.71128675915902
0.9211323729436764 0.8320502943378438
0.9211323729436764 0.8320502943378437
0.9211323729436764 0.8320502943378437
0.9004503377814964 0.6998542122237651
0.8314971796756815 0.645032298932904
0.8451542547285166 0.7432941462471663
0.9211323729436764 0.8320502943378438
0.9004503377814964 0.6998542122237651
0.8451542547285166 0.7432941462471663
0.9211323729436764 0.8320502943378438
0.9004503377814964 0.6998542122237651
0.9211323729436764 0.8320502943378438
0.9211323729436764 0.8320502943378438
0.9211323729436764 0.8320502943378438
0.9211323729436764 0.8320502943378437
0.9211323729436764 0.8320502943378438
0.9583148474999098 0.9953064455909651
0.9211323729436764 0.8320502943378438
0.9211323729436764 0.8320502943378438
0.9211323729436764 0.8320502943378437
0.8451542547285166 0.7432941462471663
0.693103280083672 0.6535078806215777
0.9211323729436764 0.8320502943378438
0.8432740427115677 0.71128675915902
0.9211323729436764 0.8320502943378437
0.7053867426838487 0.5130063461573001
0.9211323729436764 0.8320502943378438
0.9211323729436764 0.8320502943378437
0.9211323729436764 0.8320502943378438
0.9093531090412993 0.98051059878037
0.9211323729436764 0.8320502943378438
0.9004503377814964 0.6998542122237651
0.9004503377814964 0.6998542122237651
0.960768922830523 1.0
0.8432740427115677 0.71128675915902
0.9211323729436764 0.8320502943378438
0.9211323729436764 0.8320502943378437
0.9211323729436764 0.8320502943378437
0.8770580193070292 0.8528028654224417
0.9211323729436764 0.8320502943378437
0.8432740427115677 0.7112867591590198
0.9211323729436764 0.8320502943378437
0.9211323729436764 0.8320502943378437
0.9211323729436764 0.8320502943378437
0.9211323729436764 0.8320502943378437
0.9211323729436764 0.8320502943378437
0.8451542547285166 0.7432941462471663
0.9211323729436764 0.8320502943378437
0.9211323729436764 0.8320502943378438
0.8451542547285166 0.7432941462471663
0.9211323729436764 0.8320502943378438
0.8451542547285166 0.7432941462471663
0.9583148474999098 0.9953064455909651
0.8451542547285166 0.7432941462471663
0.9211323729436764 0.8320502943378437
0.9211323729436764 0.8320502943378437
0.9211323729436764 0.8320502943378438
0.9211323729436764 0.8320502943378437
0.9211323729436764 0.8320502943378438
0.9211323729436764 0.8320502943378438
0.9211323729436764 0.8320502943378437
0.7389884275845571 0.7222222222222222
0.9004503377814964 0.6998542122237651
0.9211323729436764 0.8320502943378438
0.9004503377814964 0.6998542122237651
0.7888106377466153 0.670736556419859
0.9211323729436764 0.8320502943378437
0.8432740427115677 0.7112867591590198
0.9211323729436764 0.8320502943378437
0.9211323729436764 0.8320502943378437
0.9211323729436764 0.8320502943378438
0.9211323729436764 0.8320502943378438
0.9211323729436764 0.8320502943378437
0.9211323729436764 0.8320502943378437
0.9583148474999098 0.9953064455909651
0.9211323729436764 0.8320502943378438
0.8432740427115677 0.7112867591590198
0.8770580193070292 0.8528028654224417
0.8432740427115677 0.7112867591590198
0.9211323729436764 0.8320502943378437
0.9211323729436764 0.8320502943378438
0.9211323729436764 0.8320502943378437
0.9211323729436764 0.8320502943378437
0.8451542547285166 0.7432941462471663
0.9211323729436764 0.8320502943378438
0.9211323729436764 0.8320502943378438
0.9211323729436764 0.8320502943378438
0.8451542547285166 0.7432941462471663
0.9211323729436764 0.8320502943378437
0.8432740427115677 0.7112867591590198
0.9211323729436764 0.8320502943378438
0.8432740427115677 0.71128675915902
0.8451542547285166 0.7432941462471663
0.9211323729436764 0.8320502943378438
0.9211323729436764 0.8320502943378438
0.9211323729436764 0.8320502943378437
0.9211323729436764 0.8320502943378438
0.9211323729436764 0.8320502943378438
0.8451542547285166 0.7432941462471663
0.9211323729436764 0.8320502943378438
0.9211323729436764 0.8320502943378437
0.9004503377814964 0.6998542122237651
0.9211323729436764 0.8320502943378438
0.8451542547285166 0.7432941462471663
0.9211323729436764 0.8320502943378437
0.8314971796756815 0.645032298932904
0.9211323729436764 0.8320502943378438
0.9211323729436764 0.8320502943378437
0.9211323729436764 0.8320502943378437
0.9211323729436764 0.8320502943378437
0.8432740427115677 0.7112867591590198
0.8451542547285166 0.7432941462471663
0.9004503377814964 0.6998542122237651
0.9211323729436764 0.8320502943378437
0.9211323729436764 0.8320502943378438
0.9211323729436764 0.8320502943378437
0.9211323729436764 0.8320502943378437
0.8770580193070292 0.8528028654224417
0.7888106377466153 0.670736556419859
0.8432740427115677 0.71128675915902
0.8432740427115677 0.71128675915902
0.8770580193070292 0.8528028654224417
0.9211323729436764 0.8320502943378437
0.9211323729436764 0.8320502943378437
0.9211323729436764 0.8320502943378438
0.9428090415820635 1.0
0.9211323729436764 0.8320502943378438
0.9211323729436764 0.8320502943378437
0.9211323729436764 0.8320502943378438
0.9211323729436764 0.8320502943378438
0.9428090415820635 1.0
0.9211323729436764 0.8320502943378438
0.9211323729436764 0.8320502943378437
0.9004503377814964 0.6998542122237651
0.9211323729436764 0.8320502943378437
0.8451542547285166 0.7432941462471663
0.9211323729436764 0.8320502943378438
0.9004503377814964 0.6998542122237651
0.9211323729436764 0.8320502943378437
0.9004503377814964 0.6998542122237651
0.9211323729436764 0.8320502943378437
0.9211323729436764 0.8320502943378437
0.9004503377814964 0.6998542122237651
0.9211323729436764 0.8320502943378437
0.9211323729436764 0.8320502943378438
0.9211323729436764 0.8320502943378438
0.7888106377466153 0.670736556419859
0.8770580193070292 0.8528028654224417
0.9211323729436764 0.8320502943378438
0.9211323729436764 0.8320502943378438
0.9211323729436764 0.8320502943378437
0.9211323729436764 0.8320502943378437
0.9211323729436764 0.8320502943378437
0.9004503377814964 0.6998542122237651
0.9211323729436764 0.8320502943378437
0.9211323729436764 0.8320502943378437
0.8314971796756815 0.645032298932904
0.8451542547285166 0.7432941462471663
0.9211323729436764 0.8320502943378437
0.9211323729436764 0.8320502943378437
0.9211323729436764 0.8320502943378437
0.960768922830523 1.0
0.960768922830523 1.0
0.9211323729436764 0.8320502943378437
0.9211323729436764 0.8320502943378438
0.9211323729436764 0.8320502943378438
0.9211323729436764 0.8320502943378437
0.8432740427115677 0.7112867591590198
0.9211323729436764 0.8320502943378437
0.8432740427115677 0.7112867591590198
0.8432740427115677 0.7112867591590198
0.8451542547285166 0.7432941462471663
0.9211323729436764 0.8320502943378437
0.9211323729436764 0.8320502943378437
0.9211323729436764 0.8320502943378437
0.9004503377814964 0.6998542122237651
0.9211323729436764 0.8320502943378438
0.9211323729436764 0.8320502943378437
0.9211323729436764 0.8320502943378437
0.9211323729436764 0.8320502943378437
0.8432740427115677 0.7112867591590198
0.9211323729436764 0.8320502943378438
0.9211323729436764 0.8320502943378437
0.8451542547285166 0.7432941462471663
0.9211323729436764 0.8320502943378437
0.9211323729436764 0.8320502943378437
0.9211323729436764 0.8320502943378437
0.9211323729436764 0.8320502943378437
0.9211323729436764 0.8320502943378437
0.9211323729436764 0.8320502943378438
0.8451542547285166 0.7432941462471663
0.9004503377814964 0.6998542122237651
0.9211323729436764 0.8320502943378438
0.9211323729436764 0.8320502943378437
0.9211323729436764 0.8320502943378437
0.9211323729436764 0.8320502943378437
0.9211323729436764 0.8320502943378438
0.9211323729436764 0.8320502943378438
0.7426106572325057 0.5988477720366002
0.9211323729436764 0.8320502943378438
0.9211323729436764 0.8320502943378437
0.8451542547285166 0.7432941462471663
0.9211323729436764 0.8320502943378437
0.8314971796756815 0.645032298932904
0.9211323729436764 0.8320502943378437
0.9211323729436764 0.8320502943378437
0.9211323729436764 0.8320502943378437
0.7888106377466153 0.670736556419859
0.9211323729436764 0.8320502943378437
0.9004503377814964 0.6998542122237651
0.9004503377814964 0.6998542122237651
0.8451542547285166 0.7432941462471663
0.8451542547285166 0.7432941462471663
0.8432740427115677 0.7112867591590198
0.9211323729436764 0.8320502943378437
0.9211323729436764 0.8320502943378438
0.9211323729436764 0.8320502943378437
0.9211323729436764 0.8320502943378437
0.9004503377814964 0.6998542122237651
0.9211323729436764 0.8320502943378438
0.8770580193070292 0.8528028654224417
0.9211323729436764 0.8320502943378438
0.693103280083672 0.6535078806215777
0.9211323729436764 0.8320502943378437
0.9211323729436764 0.8320502943378438
0.9211323729436764 0.8320502943378437
0.9211323729436764 0.8320502943378438
0.9211323729436764 0.8320502943378437
0.9211323729436764 0.8320502943378437
0.9211323729436764 0.8320502943378437
0.8451542547285166 0.7432941462471663
0.8451542547285166 0.7432941462471663
0.9004503377814964 0.6998542122237651
0.9211323729436764 0.8320502943378438
0.8451542547285166 0.7432941462471663
0.9211323729436764 0.8320502943378437
0.9004503377814964 0.6998542122237651
0.9211323729436764 0.8320502943378437
0.9004503377814964 0.6998542122237651
0.9093531090412993 0.98051059878037
0.9004503377814964 0.6998542122237651
0.9211323729436764 0.8320502943378438
0.9211323729436764 0.8320502943378437
0.9211323729436764 0.8320502943378437
0.9004503377814964 0.6998542122237651
0.9004503377814964 0.6998542122237651
0.8770580193070292 0.8528028654224417
0.9004503377814964 0.6998542122237651
0.8451542547285166 0.7432941462471663
0.9211323729436764 0.8320502943378437
0.9211323729436764 0.8320502943378437
0.9211323729436764 0.8320502943378437
0.9211323729436764 0.8320502943378437
0.8770580193070292 0.8528028654224417
0.9211323729436764 0.8320502943378438
0.9211323729436764 0.8320502943378438
0.9211323729436764 0.8320502943378437
0.835467353046005 0.7002457155550214
0.8432740427115677 0.71128675915902
0.6613000712661082 0.585578168588887
0.693103280083672 0.6535078806215777
0.9211323729436764 0.8320502943378438
0.9211323729436764 0.8320502943378437
0.9004503377814964 0.6998542122237651
0.9211323729436764 0.8320502943378437
0.9211323729436764 0.8320502943378438
0.9004503377814964 0.6998542122237651
0.9354143466934852 0.8320502943378438
0.9211323729436764 0.8320502943378437
0.9211323729436764 0.8320502943378437
0.9211323729436764 0.8320502943378437
0.9211323729436764 0.8320502943378438
0.8451542547285166 0.7432941462471663
0.9004503377814964 0.6998542122237651
0.9211323729436764 0.8320502943378438
0.9211323729436764 0.8320502943378437
0.8432740427115677 0.7112867591590198
0.8314971796756815 0.645032298932904
0.8451542547285166 0.7432941462471663
0.9211323729436764 0.8320502943378437
0.9211323729436764 0.8320502943378438
0.8451542547285166 0.7432941462471663
0.9211323729436764 0.8320502943378437
0.9004503377814964 0.6998542122237651
0.8451542547285166 0.7432941462471663
0.9211323729436764 0.8320502943378437
0.9211323729436764 0.8320502943378437
0.8432740427115677 0.7112867591590198
0.8451542547285166 0.7432941462471663
0.9211323729436764 0.8320502943378437
0.7580091431923675 0.6542148618174531
0.9211323729436764 0.8320502943378438
0.9211323729436764 0.8320502943378438
0.9211323729436764 0.8320502943378438
0.9211323729436764 0.8320502943378437
0.9211323729436764 0.8320502943378437
0.9211323729436764 0.8320502943378437
0.9211323729436764 0.8320502943378437
0.9211323729436764 0.8320502943378438
0.9211323729436764 0.8320502943378438
0.8314971796756815 0.645032298932904
0.9211323729436764 0.8320502943378437
0.9211323729436764 0.8320502943378437
0.8432740427115677 0.7112867591590198
0.9211323729436764 0.8320502943378438
0.9211323729436764 0.8320502943378438
0.9211323729436764 0.8320502943378438
0.9211323729436764 0.8320502943378438
0.9211323729436764 0.8320502943378438
0.9211323729436764 0.8320502943378437
0.9211323729436764 0.8320502943378437
0.9211323729436764 0.8320502943378437
0.9211323729436764 0.8320502943378438
0.9211323729436764 0.8320502943378437
0.9211323729436764 0.8320502943378437
0.8432740427115677 0.71128675915902
0.8451542547285166 0.7432941462471663
0.9211323729436764 0.8320502943378437
0.9211323729436764 0.8320502943378437
0.9211323729436764 0.8320502943378438
0.9211323729436764 0.8320502943378437
0.9211323729436764 0.8320502943378438
0.9211323729436764 0.8320502943378438
0.9004503377814964 0.6998542122237651
0.9211323729436764 0.8320502943378438
0.9354143466934852 0.8320502943378438
0.9211323729436764 0.8320502943378437
0.9211323729436764 0.8320502943378438
0.9211323729436764 0.8320502943378438
0.9211323729436764 0.8320502943378437
0.9211323729436764 0.8320502943378437
0.8314971796756815 0.645032298932904
0.9211323729436764 0.8320502943378438
0.9211323729436764 0.8320502943378437
0.9211323729436764 0.8320502943378438
0.9211323729436764 0.8320502943378437
0.8314971796756815 0.645032298932904
0.9211323729436764 0.8320502943378438
0.8451542547285166 0.7432941462471663
0.9211323729436764 0.8320502943378437
0.9211323729436764 0.8320502943378438
0.9211323729436764 0.8320502943378438
0.9004503377814964 0.6998542122237651
0.8451542547285166 0.7432941462471663
0.9211323729436764 0.8320502943378438
0.9211323729436764 0.8320502943378438
0.9211323729436764 0.8320502943378438
0.9211323729436764 0.8320502943378438
0.9211323729436764 0.8320502943378438
0.9211323729436764 0.8320502943378438
0.9211323729436764 0.8320502943378438
0.9211323729436764 0.8320502943378438
0.9354143466934852 0.8320502943378438
0.960768922830523 1.0000000000000002
0.9211323729436764 0.8320502943378437
0.9211323729436764 0.8320502943378437
0.9211323729436764 0.8320502943378438
0.9211323729436764 0.8320502943378438
0.9211323729436764 0.8320502943378437
0.9211323729436764 0.8320502943378438
0.9211323729436764 0.8320502943378438
0.9211323729436764 0.8320502943378437
0.9093531090412993 0.9884162545657523
0.9211323729436764 0.8320502943378437
0.9211323729436764 0.8320502943378437
0.9211323729436764 0.8320502943378437
0.8432740427115677 0.71128675915902
0.9428090415820635 1.0
0.9211323729436764 0.8320502943378438
0.9211323729436764 0.8320502943378438
0.9211323729436764 0.8320502943378437
0.8451542547285166 0.7432941462471663
0.9211323729436764 0.8320502943378437
0.8770580193070292 0.8528028654224417
0.9211323729436764 0.8320502943378437
0.9211323729436764 0.8320502943378438
0.8432740427115677 0.7112867591590198
0.9093531090412993 0.98051059878037
0.9211323729436764 0.8320502943378438
0.960768922830523 1.0
0.8451542547285166 0.7432941462471663
0.9211323729436764 0.8320502943378438
0.8451542547285166 0.7432941462471663
0.9428090415820635 1.0000000000000002
0.7888106377466153 0.670736556419859
0.8432740427115677 0.7112867591590198
0.9211323729436764 0.8320502943378437
0.9211323729436764 0.8320502943378438
0.9211323729436764 0.8320502943378438
0.9211323729436764 0.8320502943378437
0.9211323729436764 0.8320502943378437
0.9211323729436764 0.8320502943378437
0.8451542547285166 0.7432941462471663
0.9004503377814964 0.6998542122237651
0.9211323729436764 0.8320502943378437
0.9428090415820635 1.0
0.9211323729436764 0.8320502943378437
0.9211323729436764 0.8320502943378438
0.7888106377466153 0.670736556419859
0.8432740427115677 0.7112867591590198
0.8451542547285166 0.7432941462471663
0.9211323729436764 0.8320502943378437
0.9428090415820635 1.0000000000000002
0.9211323729436764 0.8320502943378438
0.9004503377814964 0.6998542122237651
0.9211323729436764 0.8320502943378438
0.9211323729436764 0.8320502943378437
0.9211323729436764 0.8320502943378437
0.9211323729436764 0.8320502943378437
0.9211323729436764 0.8320502943378437
0.9211323729436764 0.8320502943378437
0.9211323729436764 0.8320502943378438
0.9211323729436764 0.8320502943378437
0.8451542547285166 0.7432941462471663
0.960768922830523 1.0
0.9211323729436764 0.8320502943378438
0.9211323729436764 0.8320502943378437
0.9211323729436764 0.8320502943378437
0.8314971796756815 0.645032298932904
0.9093531090412993 0.9884162545657523
0.9211323729436764 0.8320502943378438
0.9211323729436764 0.8320502943378437
0.8432740427115677 0.7112867591590198
0.9211323729436764 0.8320502943378437
0.9211323729436764 0.8320502943378437
0.9211323729436764 0.8320502943378438
0.9211323729436764 0.8320502943378437
0.7426106572325057 0.5988477720366002
0.8451542547285166 0.7432941462471663
0.7389884275845571 0.7222222222222222
0.9211323729436764 0.8320502943378438
0.9004503377814964 0.6998542122237651
0.9211323729436764 0.8320502943378437
0.9211323729436764 0.8320502943378437
0.9211323729436764 0.8320502943378438
0.9211323729436764 0.8320502943378438
0.9211323729436764 0.8320502943378437
0.9211323729436764 0.8320502943378437
0.9004503377814964 0.6998542122237651
0.9211323729436764 0.8320502943378437
0.9211323729436764 0.8320502943378438
0.9211323729436764 0.8320502943378437
0.8451542547285166 0.7432941462471663
0.9211323729436764 0.8320502943378438
0.9211323729436764 0.8320502943378437
0.8432740427115677 0.7112867591590198
0.9211323729436764 0.8320502943378437
0.9004503377814964 0.6998542122237651
0.9211323729436764 0.8320502943378438
0.9211323729436764 0.8320502943378437
0.9211323729436764 0.8320502943378438
0.9211323729436764 0.8320502943378438
0.9211323729436764 0.8320502943378437
0.8451542547285166 0.7432941462471663
0.9211323729436764 0.8320502943378437
0.8432740427115677 0.7112867591590198
0.9211323729436764 0.8320502943378437
0.9004503377814964 0.6998542122237651
0.9211323729436764 0.8320502943378437
0.9211323729436764 0.8320502943378437
0.9211323729436764 0.8320502943378438
0.9211323729436764 0.8320502943378438
0.9211323729436764 0.8320502943378438
0.9211323729436764 0.8320502943378437
0.9004503377814964 0.6998542122237651
0.9211323729436764 0.8320502943378437
0.8451542547285166 0.7432941462471663
0.9211323729436764 0.8320502943378437
0.8451542547285166 0.7432941462471663
0.7888106377466153 0.670736556419859
0.9211323729436764 0.8320502943378438
0.7888106377466153 0.670736556419859
0.8432740427115677 0.7112867591590198
0.8432740427115677 0.7112867591590198
0.9211323729436764 0.8320502943378437
0.9211323729436764 0.8320502943378438
0.9211323729436764 0.8320502943378437
0.9211323729436764 0.8320502943378438
0.8451542547285166 0.7432941462471663
0.9211323729436764 0.8320502943378437
0.9004503377814964 0.6998542122237651
0.8432740427115677 0.71128675915902
0.9211323729436764 0.8320502943378437
0.9004503377814964 0.6998542122237651
0.9211323729436764 0.8320502943378437
0.9211323729436764 0.8320502943378437
0.8432740427115677 0.7112867591590198
0.9004503377814964 0.6998542122237651
0.9211323729436764 0.8320502943378438
0.9211323729436764 0.8320502943378437
0.9211323729436764 0.8320502943378438
0.9211323729436764 0.8320502943378437
0.9211323729436764 0.8320502943378438
0.9211323729436764 0.8320502943378437
0.9211323729436764 0.8320502943378437
0.8314971796756815 0.645032298932904
0.9211323729436764 0.8320502943378437
0.9211323729436764 0.8320502943378437
0.9211323729436764 0.8320502943378438
0.9211323729436764 0.8320502943378438
0.9211323729436764 0.8320502943378437
0.9211323729436764 0.8320502943378437
0.8451542547285166 0.7432941462471663
0.9211323729436764 0.8320502943378438
0.8432740427115677 0.71128675915902
0.9211323729436764 0.8320502943378438
0.9211323729436764 0.8320502943378437
0.9211323729436764 0.8320502943378437
0.9211323729436764 0.8320502943378438
0.9211323729436764 0.8320502943378438
0.9211323729436764 0.8320502943378437
0.9211323729436764 0.8320502943378437
0.9211323729436764 0.8320502943378437
0.9211323729436764 0.8320502943378437
0.9211323729436764 0.8320502943378437
0.8432740427115677 0.71128675915902
0.8432740427115677 0.71128675915902
0.9211323729436764 1.0
0.8432740427115677 0.71128675915902
0.8314971796756815 0.645032298932904
0.9211323729436764 0.8320502943378437
0.9004503377814964 0.6998542122237651
0.8770580193070292 0.8528028654224417
0.8770580193070292 0.8528028654224417
0.8451542547285166 0.7432941462471663
0.8432740427115677 0.71128675915902
0.9211323729436764 0.8320502943378437
0.8451542547285166 0.7432941462471663
0.835467353046005 0.7002457155550214
0.9211323729436764 0.8320502943378437
0.9211323729436764 0.8320502943378438
0.9211323729436764 0.8320502943378437
0.9211323729436764 0.8320502943378438
0.835467353046005 0.7002457155550214
0.9211323729436764 0.8320502943378437
0.8451542547285166 0.7432941462471663
0.9211323729436764 0.8320502943378438
0.8451542547285166 0.7432941462471663
0.9211323729436764 0.8320502943378437
0.9211323729436764 0.8320502943378437
0.9211323729436764 0.8320502943378438
0.9211323729436764 0.8320502943378437
0.9211323729436764 0.8320502943378437
0.9211323729436764 0.8320502943378437
0.7888106377466153 0.670736556419859
0.9211323729436764 0.8320502943378437
0.9211323729436764 0.8320502943378438
0.9211323729436764 0.8320502943378438
0.9211323729436764 0.8320502943378437
0.9211323729436764 0.8320502943378437
0.9211323729436764 0.8320502943378437
0.9211323729436764 0.8320502943378438
0.9211323729436764 0.8320502943378438
0.9211323729436764 0.8320502943378438
0.9211323729436764 0.8320502943378437
0.7888106377466153 0.670736556419859
0.9211323729436764 0.8320502943378437
0.9211323729436764 0.8320502943378437
0.9211323729436764 0.8320502943378437
0.8432740427115677 0.71128675915902
0.9211323729436764 0.8320502943378437
0.9211323729436764 0.8320502943378437
0.9211323729436764 0.8320502943378438
0.9211323729436764 0.8320502943378437
0.8451542547285166 0.7432941462471663
0.9211323729436764 0.8320502943378437
0.8352690695845568 0.7624928516630234
0.9211323729436764 0.8320502943378437
0.8432740427115677 0.7112867591590198
0.960768922830523 1.0
0.9211323729436764 0.8320502943378437
0.9211323729436764 0.8320502943378438
0.7888106377466153 0.670736556419859
0.835467353046005 0.7002457155550214
0.9211323729436764 0.8320502943378437
0.9211323729436764 0.8320502943378438
0.9211323729436764 0.8320502943378437
0.9211323729436764 0.8320502943378438
0.8770580193070292 0.8528028654224417
0.9211323729436764 0.8320502943378437
0.9211323729436764 0.8320502943378437
0.8451542547285166 0.7432941462471663
0.8451542547285166 0.7432941462471663
0.9211323729436764 0.8320502943378438
0.9211323729436764 0.8320502943378438
0.9211323729436764 0.8320502943378438
0.9211323729436764 0.8320502943378438
0.9211323729436764 0.8320502943378438
0.9004503377814964 0.6998542122237651
0.9211323729436764 0.8320502943378438
0.9211323729436764 0.8320502943378437
0.9211323729436764 0.8320502943378438
0.9211323729436764 0.8320502943378437
0.9211323729436764 0.8320502943378437
0.9211323729436764 0.8320502943378438
0.8451542547285166 0.7432941462471663
0.9211323729436764 0.8320502943378438
0.8770580193070292 0.8528028654224417
0.9211323729436764 0.8320502943378438
0.9093531090412993 0.98051059878037
0.9211323729436764 0.8320502943378437
0.9211323729436764 0.8320502943378437
0.8314971796756815 0.645032298932904
0.9211323729436764 0.8320502943378437
0.9211323729436764 0.8320502943378438
0.9004503377814964 0.6998542122237651
0.9211323729436764 0.8320502943378438
0.9211323729436764 0.8320502943378437
0.9211323729436764 0.8320502943378437
0.9211323729436764 0.8320502943378438
0.9211323729436764 0.8320502943378437
0.9211323729436764 0.8320502943378437
0.9211323729436764 0.8320502943378437
0.9211323729436764 0.8320502943378437
0.9211323729436764 0.8320502943378438
0.9211323729436764 0.8320502943378437
0.9004503377814964 0.6998542122237651
0.9211323729436764 0.8320502943378437
0.960768922830523 1.0
0.960768922830523 1.0
0.9211323729436764 0.8320502943378437
0.8314971796756815 0.645032298932904
0.8451542547285166 0.7432941462471663
0.8451542547285166 0.7432941462471663
0.9211323729436764 0.8320502943378438
0.8451542547285166 0.7432941462471663
0.9211323729436764 0.8320502943378437
0.8222064167913465 0.6436057348557317
0.8451542547285166 0.7432941462471663
0.9211323729436764 0.8320502943378438
0.9211323729436764 0.8320502943378438
0.9004503377814964 0.6998542122237651
0.8451542547285166 0.7432941462471663
0.9211323729436764 0.8320502943378438
0.8432740427115677 0.71128675915902
0.835467353046005 0.7002457155550214
0.8432740427115677 0.7112867591590198
0.8432740427115677 0.71128675915902
0.8432740427115677 0.71128675915902
0.9211323729436764 0.8320502943378438
0.9211323729436764 0.8320502943378437
0.9211323729436764 0.8320502943378437
0.9211323729436764 0.8320502943378437
0.9004503377814964 0.6998542122237651
0.9211323729436764 0.8320502943378437
0.9211323729436764 0.8320502943378437
0.9004503377814964 0.6998542122237651
0.9211323729436764 0.8320502943378438
0.9211323729436764 0.8320502943378438
0.9211323729436764 0.8320502943378438
0.9211323729436764 0.8320502943378438
0.9393364366277241 0.9800708858588607
0.9211323729436764 0.8320502943378438
0.9211323729436764 0.8320502943378437
0.9211323729436764 0.8320502943378437
0.9211323729436764 0.8320502943378437
0.9211323729436764 0.8320502943378438
0.8451542547285166 0.7432941462471663
0.9211323729436764 0.8320502943378438
0.8451542547285166 0.7432941462471663
0.9211323729436764 0.8320502943378437
0.9211323729436764 0.8320502943378438
0.9211323729436764 0.8320502943378437
0.9004503377814964 0.6998542122237651
0.9004503377814964 0.6998542122237651
0.8314971796756815 0.645032298932904
0.9211323729436764 0.8320502943378437
0.9211323729436764 0.8320502943378438
0.9211323729436764 0.8320502943378437
0.9211323729436764 0.8320502943378438
0.9211323729436764 0.8320502943378437
0.9211323729436764 0.8320502943378437
0.9211323729436764 0.8320502943378437
0.8451542547285166 0.7432941462471663
0.9211323729436764 0.8320502943378437
0.9211323729436764 0.8320502943378437
0.8451542547285166 0.7432941462471663
0.9211323729436764 0.8320502943378437
0.9211323729436764 0.8320502943378437
0.9211323729436764 0.8320502943378438
0.9211323729436764 0.8320502943378438
0.8432740427115677 0.7112867591590198
0.9004503377814964 0.6998542122237651
0.9211323729436764 0.8320502943378437
0.9211323729436764 0.8320502943378437
0.9211323729436764 0.8320502943378438
0.9211323729436764 0.8320502943378437
0.8451542547285166 0.7432941462471663
0.8314971796756815 0.645032298932904
0.9211323729436764 0.8320502943378437
0.9211323729436764 0.8320502943378437
0.9211323729436764 0.8320502943378437
0.9093531090412993 0.98051059878037
0.9004503377814964 0.6998542122237651
0.9211323729436764 0.8320502943378437
0.9211323729436764 0.8320502943378437
0.9211323729436764 0.8320502943378437
0.9211323729436764 0.8320502943378437
0.9211323729436764 0.8320502943378438
0.9211323729436764 0.8320502943378438
0.8432740427115677 0.71128675915902
0.9211323729436764 0.8320502943378437
0.9211323729436764 0.8320502943378437
0.9211323729436764 0.8320502943378437
0.9211323729436764 0.8320502943378437
0.9211323729436764 0.8320502943378438
0.8451542547285166 0.7432941462471663
0.9211323729436764 0.8320502943378438
0.9211323729436764 0.8320502943378438
0.9211323729436764 0.8320502943378438
0.9211323729436764 0.8320502943378437
0.9211323729436764 0.8320502943378437
0.9211323729436764 0.8320502943378437
0.693103280083672 0.6535078806215777
0.9211323729436764 0.8320502943378437
0.960768922830523 1.0
0.9211323729436764 0.8320502943378437
0.9211323729436764 0.8320502943378438
0.7888106377466153 0.670736556419859
0.9211323729436764 0.8320502943378437
0.8432740427115677 0.7112867591590198
0.9211323729436764 0.8320502943378437
0.8451542547285166 0.7432941462471663
0.8432740427115677 0.7112867591590198
0.8451542547285166 0.7432941462471663
0.9211323729436764 0.8320502943378438
0.9211323729436764 0.8320502943378437
0.9211323729436764 0.8320502943378438
0.6613000712661082 0.585578168588887
0.9211323729436764 0.8320502943378437
0.9211323729436764 0.8320502943378437
0.9211323729436764 0.8320502943378437
0.9211323729436764 0.8320502943378437
0.9004503377814964 0.6998542122237651
0.9211323729436764 0.8320502943378437
0.8451542547285166 0.7432941462471663
0.9211323729436764 0.8320502943378437
0.8451542547285166 0.7432941462471663
0.9004503377814964 0.6998542122237651
0.9211323729436764 0.8320502943378437
0.8432740427115677 0.71128675915902
0.9211323729436764 0.8320502943378437
0.9211323729436764 0.8320502943378438
0.960768922830523 1.0
0.9211323729436764 0.8320502943378437
0.8451542547285166 0.7432941462471663
0.9211323729436764 0.8320502943378437
0.9004503377814964 0.6998542122237651
0.9354143466934852 0.8320502943378438
0.9211323729436764 0.8320502943378437
0.9211323729436764 0.8320502943378437
0.9211323729436764 0.8320502943378438
0.9211323729436764 0.8320502943378438
0.8770580193070292 0.8528028654224417
0.9211323729436764 0.8320502943378437
0.9211323729436764 0.8320502943378437
0.8314971796756815 0.645032298932904
0.8451542547285166 0.7432941462471663
0.9211323729436764 0.8320502943378438
0.9093531090412993 0.98051059878037
0.9211323729436764 0.8320502943378437
0.8770580193070292 0.8528028654224417
0.9211323729436764 0.8320502943378438
0.9004503377814964 0.6998542122237651
0.9211323729436764 0.8320502943378437
0.8451542547285166 0.7432941462471663
0.9211323729436764 0.8320502943378438
0.9211323729436764 0.8320502943378437
0.8451542547285166 0.7432941462471663
0.9211323729436764 0.8320502943378438
0.9211323729436764 0.8320502943378438
0.9211323729436764 0.8320502943378438
0.9211323729436764 0.8320502943378438
0.9211323729436764 0.8320502943378438
0.9004503377814964 0.6998542122237651
0.9211323729436764 0.8320502943378437
0.9211323729436764 0.8320502943378437
0.9211323729436764 0.8320502943378437
0.9211323729436764 0.8320502943378438
0.9211323729436764 0.8320502943378438
0.9211323729436764 0.8320502943378438
0.9211323729436764 0.8320502943378437
0.9211323729436764 0.8320502943378437
