0.9354143466934852
0.9354143466934852
0.9093531090412993
0.9093531090412993
0.9354143466934852
0.9211323729436764
0.9211323729436764
0.855283359552053
1.0
1.0
0.9066928292470475
0.9211323729436764
1.0
0.9354143466934852
0.8770580193070292
0.9211323729436764
0.9354143466934852
0.9354143466934852
0.9211323729436764
1.0
0.8408553045606931
0.9211323729436764
0.9607689228305227
0.9354143466934852
0.9093531090412993
1.0
0.8651809126974002
0.9354143466934852
0.9211323729436764
0.9211323729436764
0.8651809126974002
0.9354143466934852
1.0
0.9128709291752769
0.9354143466934852
1.0
0.9354143466934852
0.9354143466934852
0.8770580193070292
0.9211323729436764
0.9211323729436764
0.9354143466934852
0.9293203772845852
0.9354143466934852
0.9354143466934852
0.8770580193070292
0.9093531090412993
0.9607689228305227
1.0
0.9393364366277241
1.0
1.0
1.0
0.9211323729436764
0.9211323729436764
0.9354143466934852
0.8770580193070292
0.9293203772845852
0.9211323729436764
0.9354143466934852
0.9093531090412993
0.9066928292470475
0.8770580193070292
0.9211323729436764
0.9354143466934852
0.9354143466934852
0.9211323729436764
1.0
0.9293203772845852
0.9211323729436764
0.9354143466934852
0.9211323729436764
1.0
0.9354143466934852
0.9354143466934852
0.9354143466934852
0.9211323729436764
1.0
1.0
0.8770580193070292
0.9211323729436764
0.9211323729436764
0.9211323729436764
0.9293203772845852
0.9354143466934852
0.9093531090412993
1.0
1.0
0.8006407690254357
0.9211323729436764
0.8770580193070292
0.9211323729436764
0.9354143466934852
0.9211323729436764
0.8770580193070292
0.9354143466934852
0.9354143466934852
1.0
0.9354143466934852
0.9354143466934852
0.9211323729436764
0.9354143466934852
1.0
0.9211323729436764
0.9354143466934852
1.0
1.0
1.0
0.9354143466934852
0.9128709291752769
0.9354143466934852
0.9211323729436764
0.9211323729436764
0.9354143466934852
0.9354143466934852
0.9354143466934852
1.0
0.9211323729436764
0.8770580193070292
1.0
0.8651809126974002
0.9354143466934852
0.9354143466934852
0.9354143466934852
0.8651809126974002
0.9354143466934852
0.9211323729436764
1.0
0.8770580193070292
0.960768922830523
1.0
0.9211323729436764
0.9354143466934852
0.9211323729436764
0.9128709291752769
0.9354143466934852
1.0
0.9354143466934852
0.9093531090412993
0.9211323729436764
0.9354143466934852
0.9128709291752769
0.9354143466934852
1.0
0.8770580193070292
1.0
0.9293203772845852
0.9211323729436764
1.0
1.0
0.9354143466934852
0.9354143466934852
0.9354143466934852
0.9211323729436764
1.0
0.9354143466934852
0.8770580193070292
0.9354143466934852
0.9354143466934852
0.9066928292470475
0.9354143466934852
1.0
0.9607689228305227
1.0
0.9211323729436764
0.9211323729436764
0.8770580193070292
0.9354143466934852
0.9607689228305227
0.8770580193070292
0.9211323729436764
0.9211323729436764
0.9211323729436764
0.9354143466934852
0.9607689228305227
0.9354143466934852
0.9211323729436764
0.9211323729436764
0.9354143466934852
1.0
1.0
0.9354143466934852
0.9211323729436764
0.9354143466934852
0.9354143466934852
0.9211323729436764
0.9354143466934852
0.8770580193070292
0.9354143466934852
0.9211323729436764
0.9607689228305227
0.9354143466934852
0.8770580193070292
0.8770580193070292
0.9354143466934852
0.9211323729436764
1.0
0.9354143466934852
0.9354143466934852
1.0
0.9211323729436764
0.9293203772845852
0.8770580193070292
0.9354143466934852
1.0
0.9211323729436764
1.0
0.8089377861617926
1.0
0.9211323729436764
0.9211323729436764
0.9211323729436764
1.0
0.9354143466934852
0.9354143466934852
0.9211323729436764
0.9607689228305227
0.9354143466934852
1.0
0.9211323729436764
0.8770580193070292
0.9293203772845852
1.0
0.9354143466934852
0.8770580193070292
1.0
0.9354143466934852
0.8770580193070292
0.9354143466934852
0.9354143466934852
0.9354143466934852
1.0
0.9354143466934852
0.9682458365518541
0.9354143466934852
0.9354143466934852
1.0
1.0
0.9128709291752769
0.9354143466934852
0.9607689228305227
0.9211323729436764
0.855283359552053
0.9354143466934852
1.0
0.9354143466934852
0.9093531090412993
0.9354143466934852
0.8770580193070292
0.8770580193070292
1.0
0.9607689228305227
0.9354143466934852
0.9211323729436764
1.0
1.0
0.9211323729436764
0.8651809126974002
0.9211323729436764
0.9211323729436764
0.9211323729436764
1.0
0.9211323729436764
1.0
0.9211323729436764
0.9354143466934852
1.0
0.9354143466934852
1.0
0.9682458365518541
1.0
0.9211323729436764
0.9211323729436764
0.9354143466934852
0.9211323729436764
0.9354143466934852
0.9354143466934852
1.0
0.9128709291752769
0.8770580193070292
0.9354143466934852
0.8770580193070292
0.9354143466934852
0.9211323729436764
0.8651809126974002
1.0
0.9211323729436764
0.9354143466934852
0.9354143466934852
1.0
0.9211323729436764
0.9682458365518541
0.9354143466934852
0.8651809126974002
1.0
0.9066928292470475
0.9211323729436764
0.9354143466934852
0.9211323729436764
1.0
1.0
0.9354143466934852
0.9354143466934852
0.9354143466934852
1.0
0.9211323729436764
0.8651809126974002
0.9354143466934852
0.9607689228305227
1.0
0.9354143466934852
0.9354143466934852
0.9211323729436764
0.9354143466934852
0.9354143466934852
1.0
0.9354143466934852
0.9211323729436764
0.8770580193070292
0.9354143466934852
1.0
0.9211323729436764
0.9293203772845852
0.9354143466934852
0.9211323729436764
1.0
0.9211323729436764
0.9066928292470475
1.0
0.8770580193070292
0.9211323729436764
0.9354143466934852
0.9211323729436764
0.9211323729436764
1.0
0.9354143466934852
0.9607689228305227
0.9607689228305227
1.0
0.9211323729436764
1.0
0.9354143466934852
0.960768922830523
0.9354143466934852
1.0
0.9354143466934852
0.9354143466934852
0.960768922830523
0.9354143466934852
0.9211323729436764
0.8770580193070292
1.0
1.0
0.9354143466934852
0.8770580193070292
0.9211323729436764
0.8770580193070292
0.9211323729436764
0.9211323729436764
0.8770580193070292
0.9211323729436764
0.9354143466934852
0.9354143466934852
0.9354143466934852
1.0
0.9354143466934852
0.9354143466934852
0.9211323729436764
0.9211323729436764
0.9211323729436764
0.8770580193070292
0.9211323729436764
1.0
0.9293203772845852
1.0
0.9211323729436764
0.9211323729436764
1.0
1.0
1.0
0.9211323729436764
0.9354143466934852
0.9354143466934852
0.9211323729436764
0.9066928292470475
1.0
0.9066928292470475
0.8651809126974002
1.0
0.9211323729436764
0.9211323729436764
0.9211323729436764
0.8770580193070292
0.9354143466934852
0.9211323729436764
0.9211323729436764
0.9211323729436764
0.8651809126974002
0.9354143466934852
0.9211323729436764
1.0
0.9211323729436764
0.9211323729436764
0.9211323729436764
0.9211323729436764
0.9211323729436764
0.9354143466934852
1.0
0.8770580193070292
0.9354143466934852
1.0
0.9211323729436764
0.9211323729436764
0.9354143466934852
0.9354143466934852
0.8346223261119858
0.9354143466934852
0.9211323729436764
1.0
0.9211323729436764
0.9293203772845852
0.9211323729436764
0.9211323729436764
0.9211323729436764
0.9354143466934852
0.9211323729436764
0.8770580193070292
0.8770580193070292
1.0
1.0
0.8651809126974002
0.9211323729436764
0.9354143466934852
0.9211323729436764
0.9211323729436764
0.8770580193070292
0.9354143466934852
1.0
0.9354143466934852
0.9128709291752769
0.9211323729436764
0.9354143466934852
0.9211323729436764
0.9354143466934852
0.9211323729436764
0.9211323729436764
0.9211323729436764
1.0
1.0
0.8770580193070292
0.9354143466934852
1.0
0.9211323729436764
0.8770580193070292
0.9211323729436764
0.8770580193070292
0.9093531090412993
0.8770580193070292
0.9354143466934852
1.0
0.9211323729436764
0.9128709291752769
0.8770580193070292
1.0
0.8770580193070292
1.0
0.9211323729436764
0.9211323729436764
0.9211323729436764
1.0
1.0
0.9354143466934852
0.9354143466934852
0.9211323729436764
0.8449079617742182
0.9607689228305227
0.7509392614826383
0.9128709291752769
0.9354143466934852
0.9211323729436764
0.9128709291752769
1.0
0.9354143466934852
0.8770580193070292
0.9354143466934852
0.9211323729436764
0.9211323729436764
0.9211323729436764
0.9354143466934852
1.0
0.9128709291752769
0.9354143466934852
0.9211323729436764
0.8651809126974002
0.9293203772845852
1.0
0.9211323729436764
0.9354143466934852
1.0
0.9211323729436764
0.9128709291752769
1.0
0.9211323729436764
1.0
0.8651809126974002
1.0
0.9211323729436764
0.6997984269451126
0.9354143466934852
0.9354143466934852
0.9354143466934852
1.0
0.9211323729436764
0.9211323729436764
0.9211323729436764
0.9354143466934852
0.9354143466934852
0.9293203772845852
0.9211323729436764
0.9211323729436764
0.9066928292470475
0.9354143466934852
0.9354143466934852
0.9354143466934852
0.9354143466934852
0.9354143466934852
0.9211323729436764
0.9211323729436764
0.9211323729436764
0.9354143466934852
0.9211323729436764
0.9211323729436764
0.9607689228305227
1.0
0.9211323729436764
1.0
0.9354143466934852
0.9211323729436764
0.9354143466934852
0.9354143466934852
0.8770580193070292
0.9354143466934852
0.9354143466934852
0.9211323729436764
0.9354143466934852
0.9354143466934852
0.9211323729436764
0.9211323729436764
0.9293203772845852
0.9354143466934852
0.9211323729436764
0.9354143466934852
1.0
0.9293203772845852
0.9354143466934852
1.0
0.9211323729436764
0.9354143466934852
0.9354143466934852
0.8770580193070292
1.0
0.9354143466934852
0.9354143466934852
0.9354143466934852
0.9354143466934852
0.9354143466934852
0.9354143466934852
0.9354143466934852
0.9354143466934852
0.9354143466934852
1.0
0.9211323729436764
0.9211323729436764
0.9354143466934852
0.9354143466934852
0.9211323729436764
0.9354143466934852
0.9354143466934852
1.0
0.9093531090412993
1.0
1.0
1.0
0.9607689228305227
0.960768922830523
0.9354143466934852
0.9354143466934852
0.9211323729436764
1.0
0.9211323729436764
1.0
0.9211323729436764
0.9354143466934852
0.8651809126974002
0.9093531090412993
0.9354143466934852
1.0
1.0
0.9354143466934852
1.0
1.0
0.9354143466934852
0.8651809126974002
0.9211323729436764
0.9354143466934852
0.9354143466934852
0.9211323729436764
1.0
0.9211323729436764
1.0
0.9128709291752769
0.9211323729436764
0.960768922830523
1.0
0.9354143466934852
0.9354143466934852
0.9066928292470475
1.0
0.9211323729436764
1.0
0.9354143466934852
0.8770580193070292
0.9354143466934852
0.9211323729436764
0.9211323729436764
0.9211323729436764
1.0
0.9211323729436764
0.9354143466934852
0.9211323729436764
1.0
1.0
0.9354143466934852
0.9211323729436764
0.9211323729436764
0.9293203772845852
0.9093531090412993
0.9354143466934852
0.9211323729436764
0.8651809126974002
0.9211323729436764
0.9211323729436764
0.9354143466934852
0.9211323729436764
0.8346223261119858
1.0
0.9128709291752769
0.9354143466934852
0.8770580193070292
0.9211323729436764
0.9211323729436764
0.9354143466934852
0.9354143466934852
0.9211323729436764
0.9211323729436764
0.8770580193070292
0.9211323729436764
0.9354143466934852
1.0
1.0
0.9354143466934852
1.0
0.9066928292470475
0.9211323729436764
0.8770580193070292
0.9354143466934852
0.9211323729436764
0.9354143466934852
0.9354143466934852
0.9211323729436764
1.0
0.9211323729436764
0.8651809126974002
0.9211323729436764
0.8770580193070292
1.0
0.9211323729436764
0.9354143466934852
0.9354143466934852
0.9354143466934852
0.9211323729436764
0.8770580193070292
0.9211323729436764
1.0
0.9211323729436764
1.0
0.9354143466934852
0.9354143466934852
0.9354143466934852
0.9066928292470475
0.8651809126974002
1.0
0.9354143466934852
0.9211323729436764
0.9354143466934852
1.0
0.9211323729436764
0.8770580193070292
0.9607689228305227
0.9211323729436764
0.8770580193070292
0.9211323729436764
0.9211323729436764
0.9066928292470475
0.8770580193070292
0.9354143466934852
1.0
0.9354143466934852
0.9211323729436764
0.9354143466934852
1.0
1.0
0.9293203772845852
0.9211323729436764
0.9211323729436764
0.9354143466934852
0.9354143466934852
0.9211323729436764
1.0
1.0
0.9354143466934852
0.9607689228305227
0.9354143466934852
0.9211323729436764
1.0
0.9354143466934852
0.9354143466934852
0.9211323729436764
1.0
0.9211323729436764
0.9211323729436764
0.9211323729436764
0.9607689228305227
0.9607689228305227
0.9999999999999998
0.9607689228305227
0.9293203772845852
0.9211323729436764
0.8770580193070292
1.0
1.0
1.0
0.9607689228305227
0.9211323729436764
1.0
0.8449079617742182
1.0
0.9354143466934852
1.0
0.9354143466934852
0.8449079617742182
0.9211323729436764
1.0
0.9354143466934852
1.0
0.9211323729436764
0.9211323729436764
0.9354143466934852
0.9211323729436764
0.9211323729436764
0.9211323729436764
0.9354143466934852
1.0
0.9354143466934852
0.9354143466934852
0.9211323729436764
0.9211323729436764
0.9211323729436764
0.9354143466934852
0.9354143466934852
0.9354143466934852
0.9211323729436764
0.9354143466934852
0.9211323729436764
0.9211323729436764
0.9211323729436764
0.9607689228305227
0.9211323729436764
1.0
0.9354143466934852
0.9211323729436764
1.0
0.9211323729436764
0.9354143466934852
1.0
0.8651809126974002
1.0
0.9211323729436764
0.9354143466934852
0.9354143466934852
0.8408553045606931
0.9211323729436764
0.9354143466934852
0.9211323729436764
0.9354143466934852
1.0
0.9211323729436764
0.9211323729436764
1.0
1.0
0.9354143466934852
0.9354143466934852
0.9354143466934852
0.9354143466934852
0.9354143466934852
0.8770580193070292
0.9354143466934852
0.9211323729436764
0.9354143466934852
0.9211323729436764
1.0
0.9354143466934852
1.0
0.9354143466934852
1.0
0.9354143466934852
0.9093531090412993
0.9211323729436764
1.0
0.9293203772845852
1.0
0.9354143466934852
0.8770580193070292
0.9354143466934852
1.0
0.9211323729436764
0.9354143466934852
1.0
1.0
1.0
0.9211323729436764
0.9354143466934852
0.9211323729436764
0.8770580193070292
1.0
1.0
1.0
1.0
0.9293203772845852
1.0
1.0
0.9354143466934852
1.0
1.0
0.870571500132014
1.0
0.9354143466934852
0.9354143466934852
0.8770580193070292
1.0
0.9354143466934852
0.9607689228305227
0.8449079617742182
0.8651809126974002
0.9607689228305227
0.9607689228305227
0.9354143466934852
1.0
0.9211323729436764
0.9211323729436764
0.8770580193070292
0.9211323729436764
0.9211323729436764
0.8770580193070292
0.9354143466934852
0.9354143466934852
0.9354143466934852
0.9354143466934852
0.9393364366277241
0.9354143466934852
0.9211323729436764
0.9211323729436764
0.9211323729436764
0.9354143466934852
1.0
0.9354143466934852
1.0
0.9211323729436764
0.9354143466934852
0.9211323729436764
0.8770580193070292
0.8770580193070292
0.9293203772845852
0.9211323729436764
0.9354143466934852
1.0
0.9354143466934852
1.0
0.9211323729436764
0.9211323729436764
1.0
0.9211323729436764
0.9211323729436764
1.0
0.9211323729436764
0.9211323729436764
0.9354143466934852
0.9354143466934852
0.9066928292470475
0.8770580193070292
0.9211323729436764
1.0
0.9354143466934852
0.9211323729436764
1.0
0.9293203772845852
0.9211323729436764
0.9211323729436764
0.9211323729436764
0.9093531090412993
0.8770580193070292
1.0
1.0
1.0
0.9211323729436764
0.9354143466934852
0.9354143466934852
0.9607689228305227
0.9211323729436764
0.9211323729436764
0.9211323729436764
0.9211323729436764
0.9354143466934852
1.0
0.9354143466934852
0.9354143466934852
0.9354143466934852
0.9211323729436764
0.9211323729436764
0.9211323729436764
0.9128709291752769
0.9211323729436764
1.0
0.9211323729436764
0.9354143466934852
0.9354143466934852
0.9211323729436764
0.8651809126974002
1.0
1.0
0.8651809126974002
1.0
0.9354143466934852
0.9211323729436764
0.9354143466934852
0.7509392614826383
0.9211323729436764
0.9211323729436764
1.0
1.0
0.8770580193070292
1.0
1.0
1.0
1.0
0.8770580193070292
0.9211323729436764
0.9607689228305227
1.0
0.9354143466934852
1.0
0.9211323729436764
1.0
1.0
0.8770580193070292
0.9354143466934852
0.9211323729436764
1.0
0.9354143466934852
0.9354143466934852
1.0
0.9211323729436764
0.9211323729436764
0.9293203772845852
1.0
0.9354143466934852
0.9093531090412993
0.9211323729436764
1.0
0.9354143466934852
0.8770580193070292
0.9211323729436764
1.0
0.9354143466934852
0.9211323729436764
1.0
0.9354143466934852
0.9354143466934852
0.9354143466934852
0.9354143466934852
0.9354143466934852
0.8770580193070292
0.9211323729436764
0.9211323729436764
0.9211323729436764
0.9354143466934852
0.9354143466934852
0.9354143466934852
0.9211323729436764
1.0
