0.9354143466934852 0.9486832980505138
0.9354143466934852 0.9486832980505138
0.7669074499306874 0.908617826120841
0.7669074499306874 0.908617826120841
0.9354143466934852 0.9486832980505138
0.9354143466934852 0.9486832980505138
0.9354143466934852 0.9486832980505138
0.619047619047619 0.7500915695015927
0.8770580193070292 0.8944271909999159
0.8770580193070292 0.8944271909999159
0.8003267306650412 0.8528028654224417
0.9354143466934852 0.9486832980505138
0.8770580193070292 0.8944271909999159
0.9354143466934852 0.9486832980505138
0.9128709291752769 0.8783100656536798
0.9354143466934852 0.9486832980505138
0.9354143466934852 0.9486832980505138
0.9354143466934852 0.9486832980505138
0.9354143466934852 0.9486832980505138
0.9354143466934852 0.9486832980505138
0.7578647467450734 0.8084520834544433
0.9354143466934852 0.9486832980505138
0.8003267306650412 0.8528028654224417
0.9354143466934852 0.9486832980505138
0.7669074499306874 0.8910122481167483
0.8770580193070292 0.8944271909999159
0.8003267306650412 0.8528028654224417
0.9354143466934852 0.9486832980505138
0.9354143466934852 0.9486832980505138
0.9354143466934852 0.9486832980505138
0.8003267306650412 0.8528028654224417
0.9354143466934852 0.9486832980505138
0.9354143466934852 0.9486832980505138
0.6980683814932759 0.846855465297637
0.7977240352174656 0.8981774262781437
0.9354143466934852 0.9486832980505138
0.9354143466934852 0.9486832980505138
0.9354143466934852 0.9486832980505138
0.9128709291752769 0.8783100656536798
0.9354143466934852 0.9486832980505138
0.9354143466934852 0.9486832980505138
0.9354143466934852 0.9486832980505138
0.810711347101024 0.8564858872844144
0.9354143466934852 0.9486832980505138
0.9354143466934852 0.9486832980505138
0.9128709291752769 0.8783100656536798
0.7669074499306874 0.8910122481167483
0.8003267306650412 0.8528028654224417
0.9354143466934852 0.9486832980505138
0.7950463919999252 0.8977837674587726
0.8770580193070292 0.8944271909999159
0.8770580193070292 0.8944271909999159
0.8770580193070292 0.8944271909999159
0.9354143466934852 0.9486832980505138
0.9354143466934852 0.9486832980505138
0.9354143466934852 0.9486832980505138
0.9128709291752769 0.8783100656536798
0.810711347101024 0.8564858872844144
0.9354143466934852 0.9486832980505138
0.9354143466934852 0.9486832980505138
0.7669074499306874 0.908617826120841
0.8003267306650412 0.8528028654224417
0.9128709291752769 0.8783100656536798
0.9354143466934852 0.9486832980505138
0.9354143466934852 0.9486832980505138
0.9354143466934852 0.9486832980505138
0.9354143466934852 0.9486832980505138
0.8770580193070292 0.8944271909999159
0.810711347101024 0.8564858872844144
0.9354143466934852 0.9486832980505138
0.9354143466934852 0.9486832980505138
0.9354143466934852 0.9486832980505138
1.0 1.0000000000000002
0.9354143466934852 0.9486832980505138
0.9354143466934852 0.9486832980505138
0.9354143466934852 0.9486832980505138
0.9354143466934852 0.9486832980505138
0.9354143466934852 0.9486832980505138
0.9354143466934852 0.9486832980505138
0.9128709291752769 0.8783100656536798
0.9354143466934852 0.9486832980505138
0.9354143466934852 0.9486832980505138
0.9354143466934852 0.9486832980505138
0.810711347101024 0.8564858872844144
0.9354143466934852 0.9486832980505138
0.7669074499306874 0.9086178261208409
0.8770580193070292 0.8944271909999159
0.8770580193070292 0.8944271909999159
0.717948717948718 0.8180959881038619
0.9354143466934852 0.9486832980505138
0.9128709291752769 0.8783100656536798
0.9354143466934852 0.9486832980505138
0.9354143466934852 0.9486832980505138
0.9354143466934852 0.9486832980505138
0.9128709291752769 0.8783100656536798
0.9354143466934852 0.9486832980505138
0.9354143466934852 0.9486832980505138
0.8770580193070292 0.8944271909999159
0.9354143466934852 0.9486832980505138
0.9354143466934852 0.9486832980505138
0.9354143466934852 0.9486832980505138
0.9354143466934852 0.9486832980505138
0.9354143466934852 0.9486832980505138
0.9354143466934852 0.9486832980505138
0.9354143466934852 0.9486832980505138
0.8770580193070292 0.8944271909999159
0.9354143466934852 0.9486832980505138
0.9128709291752769 0.9561828874675149
0.9354143466934852 0.9486832980505138
0.6980683814932759 0.846855465297637
0.9354143466934852 0.9486832980505138
0.9354143466934852 0.9486832980505138
0.9354143466934852 0.9486832980505138
0.9354143466934852 0.9486832980505138
0.9354143466934852 0.9486832980505138
0.9354143466934852 0.9486832980505138
0.9354143466934852 0.9486832980505138
0.9354143466934852 0.9486832980505138
0.9128709291752769 0.8783100656536798
0.9354143466934852 0.9486832980505138
0.8003267306650412 0.8528028654224417
0.9354143466934852 0.9486832980505138
0.9354143466934852 0.9486832980505138
0.9354143466934852 0.9486832980505138
0.8003267306650412 0.8528028654224417
0.9354143466934852 0.9486832980505138
0.9354143466934852 0.9486832980505138
0.9354143466934852 0.9486832980505138
0.9128709291752769 0.8783100656536798
1.0 1.0000000000000002
0.9354143466934852 0.9486832980505138
0.9354143466934852 0.9486832980505138
0.9354143466934852 0.9486832980505138
0.9354143466934852 0.9486832980505138
0.6980683814932759 0.846855465297637
0.9354143466934852 0.9486832980505138
0.9354143466934852 0.9486832980505138
0.9354143466934852 0.9486832980505138
0.7669074499306874 0.908617826120841
0.9354143466934852 0.9486832980505138
0.9354143466934852 0.9486832980505138
0.6980683814932759 0.846855465297637
0.9354143466934852 0.9486832980505138
0.8770580193070292 0.8944271909999159
0.9128709291752769 0.8783100656536798
0.9354143466934852 0.9486832980505138
0.810711347101024 0.8564858872844144
0.9354143466934852 0.9486832980505138
0.9128709291752769 0.9561828874675149
0.8770580193070292 0.8944271909999159
0.9354143466934852 0.9486832980505138
0.9354143466934852 0.9486832980505138
0.9354143466934852 0.9486832980505138
0.9354143466934852 0.9486832980505138
0.9354143466934852 0.9486832980505138
0.9354143466934852 0.9486832980505138
0.9128709291752769 0.8783100656536798
0.9354143466934852 0.9486832980505138
0.9354143466934852 0.9486832980505138
0.8003267306650412 0.8528028654224417
0.9354143466934852 0.9486832980505138
0.9354143466934852 0.9486832980505138
0.8003267306650412 0.8528028654224417
0.8770580193070292 0.8944271909999159
0.9354143466934852 0.9486832980505138
0.9354143466934852 0.9486832980505138
0.9128709291752769 0.8783100656536798
0.9354143466934852 0.9486832980505138
0.8003267306650412 0.8528028654224417
0.9128709291752769 0.8783100656536798
0.9354143466934852 0.9486832980505138
0.9354143466934852 0.9486832980505138
0.9354143466934852 0.9486832980505138
0.9354143466934852 0.9486832980505138
0.8003267306650412 0.8528028654224417
0.9354143466934852 0.9486832980505138
0.9354143466934852 0.9486832980505138
0.9354143466934852 0.9486832980505138
0.9354143466934852 0.9486832980505138
0.8770580193070292 0.8944271909999159
0.9128709291752769 0.9561828874675149
0.9354143466934852 0.9486832980505138
0.9354143466934852 0.9486832980505138
0.9354143466934852 0.9486832980505138
0.9354143466934852 0.9486832980505138
0.9354143466934852 0.9486832980505138
0.9354143466934852 0.9486832980505138
0.9128709291752769 0.8783100656536798
0.9354143466934852 0.9486832980505138
0.9354143466934852 0.9486832980505138
0.8003267306650412 0.8528028654224417
0.9354143466934852 0.9486832980505138
0.9128709291752769 0.8783100656536798
0.9128709291752769 0.8783100656536798
0.9354143466934852 0.9486832980505138
0.9354143466934852 0.9486832980505138
0.8770580193070292 0.8944271909999159
0.9354143466934852 0.9486832980505138
0.9354143466934852 0.9486832980505138
1.0 1.0000000000000002
0.9354143466934852 0.9486832980505138
0.810711347101024 0.8564858872844144
0.9128709291752769 0.8783100656536798
0.9354143466934852 0.9486832980505138
0.9354143466934852 0.9486832980505138
0.9354143466934852 0.9486832980505138
0.8770580193070292 0.8944271909999159
0.7412493166611012 0.8169217288768313
0.9354143466934852 0.9486832980505138
0.9354143466934852 0.9486832980505138
0.9354143466934852 0.9486832980505138
0.9354143466934852 0.9486832980505138
0.8770580193070292 0.8944271909999159
0.9354143466934852 0.9486832980505138
0.9354143466934852 0.9486832980505138
0.9354143466934852 0.9486832980505138
0.8003267306650412 0.8528028654224417
0.9354143466934852 0.9486832980505138
0.9354143466934852 0.9486832980505138
0.9354143466934852 0.9486832980505138
0.9128709291752769 0.8783100656536798
0.810711347101024 0.8564858872844144
0.8770580193070292 0.8944271909999159
0.9354143466934852 0.9486832980505138
0.9128709291752769 0.8783100656536798
0.8770580193070292 0.8944271909999159
0.9354143466934852 0.9486832980505138
0.9128709291752769 0.8783100656536798
0.9354143466934852 0.9486832980505138
0.9354143466934852 0.9486832980505138
0.9354143466934852 0.9486832980505138
0.9354143466934852 0.9486832980505138
0.9354143466934852 0.9486832980505138
0.7888106377466153 0.8819171036881969
0.9354143466934852 0.9486832980505138
0.9354143466934852 0.9486832980505138
0.9354143466934852 0.9486832980505138
0.8770580193070292 0.8944271909999159
0.6980683814932759 0.846855465297637
0.9354143466934852 0.9486832980505138
0.8003267306650412 0.8528028654224417
0.9354143466934852 0.9486832980505138
0.619047619047619 0.7500915695015927
0.9354143466934852 0.9486832980505138
0.9354143466934852 0.9486832980505138
0.9354143466934852 0.9486832980505138
0.7669074499306874 0.908617826120841
0.9354143466934852 0.9486832980505138
0.9128709291752769 0.8783100656536798
0.9128709291752769 0.8783100656536798
1.0 1.0000000000000002
0.8003267306650412 0.8528028654224417
0.9354143466934852 0.9486832980505138
0.9354143466934852 0.9486832980505138
0.9354143466934852 0.9486832980505138
0.9128709291752769 0.9561828874675149
0.9354143466934852 0.9486832980505138
0.8003267306650412 0.8528028654224417
0.9354143466934852 0.9486832980505138
0.9354143466934852 0.9486832980505138
0.9354143466934852 0.9486832980505138
0.9354143466934852 0.9486832980505138
0.9354143466934852 0.9486832980505138
0.8770580193070292 0.8944271909999159
0.9354143466934852 0.9486832980505138
0.9354143466934852 0.9486832980505138
0.8770580193070292 0.8944271909999159
0.9354143466934852 0.9486832980505138
0.8770580193070292 0.8944271909999159
0.7888106377466153 0.8819171036881969
0.8770580193070292 0.8944271909999159
0.9354143466934852 0.9486832980505138
0.9354143466934852 0.9486832980505138
0.9354143466934852 0.9486832980505138
0.9354143466934852 0.9486832980505138
0.9354143466934852 0.9486832980505138
0.9354143466934852 0.9486832980505138
0.9354143466934852 0.9486832980505138
0.7307981486470351 0.8606629658238704
0.9128709291752769 0.8783100656536798
0.9354143466934852 0.9486832980505138
0.9128709291752769 0.8783100656536798
0.7977240352174656 0.8981774262781437
0.9354143466934852 0.9486832980505138
0.8003267306650412 0.8528028654224417
0.9354143466934852 0.9486832980505138
0.9354143466934852 0.9486832980505138
0.9354143466934852 0.9486832980505138
0.9354143466934852 0.9486832980505138
0.9354143466934852 0.9486832980505138
0.9354143466934852 0.9486832980505138
0.7888106377466153 0.8819171036881969
0.9354143466934852 0.9486832980505138
0.8003267306650412 0.8528028654224417
0.9128709291752769 0.9561828874675149
0.8003267306650412 0.8528028654224417
0.9354143466934852 0.9486832980505138
0.9354143466934852 0.9486832980505138
0.9354143466934852 0.9486832980505138
0.9354143466934852 0.9486832980505138
0.8770580193070292 0.8944271909999159
0.9354143466934852 0.9486832980505138
0.9354143466934852 0.9486832980505138
0.9354143466934852 0.9486832980505138
0.8770580193070292 0.8944271909999159
0.9354143466934852 0.9486832980505138
0.8003267306650412 0.8528028654224417
0.9354143466934852 0.9486832980505138
0.8003267306650412 0.8528028654224417
0.8770580193070292 0.8944271909999159
0.9354143466934852 0.9486832980505138
0.9354143466934852 0.9486832980505138
0.9354143466934852 0.9486832980505138
0.9354143466934852 0.9486832980505138
0.9354143466934852 0.9486832980505138
0.8770580193070292 0.8944271909999159
0.9354143466934852 0.9486832980505138
0.9354143466934852 0.9486832980505138
0.9128709291752769 0.8783100656536798
0.9354143466934852 0.9486832980505138
0.8770580193070292 0.8944271909999159
0.9354143466934852 0.9486832980505138
0.810711347101024 0.8564858872844144
0.9354143466934852 0.9486832980505138
0.9354143466934852 0.9486832980505138
0.9354143466934852 0.9486832980505138
0.9354143466934852 0.9486832980505138
0.8003267306650412 0.8528028654224417
0.8770580193070292 0.8944271909999159
0.9128709291752769 0.8783100656536798
0.9354143466934852 0.9486832980505138
0.9354143466934852 0.9486832980505138
0.9354143466934852 0.9486832980505138
0.9354143466934852 0.9486832980505138
0.9128709291752769 0.9561828874675149
0.7977240352174656 0.8981774262781437
0.8003267306650412 0.8528028654224417
0.8003267306650412 0.8528028654224417
0.9128709291752769 0.9561828874675149
0.9354143466934852 0.9486832980505138
0.9354143466934852 0.9486832980505138
0.9354143466934852 0.9486832980505138
1.0 1.0000000000000002
0.9354143466934852 0.9486832980505138
0.9354143466934852 0.9486832980505138
0.9354143466934852 0.9486832980505138
0.9354143466934852 0.9486832980505138
1.0 1.0000000000000002
0.9354143466934852 0.9486832980505138
0.9354143466934852 0.9486832980505138
0.9128709291752769 0.8783100656536798
0.9354143466934852 0.9486832980505138
0.8770580193070292 0.8944271909999159
0.9354143466934852 0.9486832980505138
0.9128709291752769 0.8783100656536798
0.9354143466934852 0.9486832980505138
0.9128709291752769 0.8783100656536798
0.9354143466934852 0.9486832980505138
0.9354143466934852 0.9486832980505138
0.9128709291752769 0.8783100656536798
0.9354143466934852 0.9486832980505138
0.9354143466934852 0.9486832980505138
0.9354143466934852 0.9486832980505138
0.7977240352174656 0.8981774262781437
0.9128709291752769 0.9561828874675149
0.9354143466934852 0.9486832980505138
0.9354143466934852 0.9486832980505138
0.9354143466934852 0.9486832980505138
0.9354143466934852 0.9486832980505138
0.9354143466934852 0.9486832980505138
0.9128709291752769 0.8783100656536798
0.9354143466934852 0.9486832980505138
0.9354143466934852 0.9486832980505138
0.810711347101024 0.8564858872844144
0.8770580193070292 0.8944271909999159
0.9354143466934852 0.9486832980505138
0.9354143466934852 0.9486832980505138
0.9354143466934852 0.9486832980505138
1.0 1.0000000000000002
1.0 1.0000000000000002
0.9354143466934852 0.9486832980505138
0.9354143466934852 0.9486832980505138
0.9354143466934852 0.9486832980505138
0.9354143466934852 0.9486832980505138
0.8003267306650412 0.8528028654224417
0.9354143466934852 0.9486832980505138
0.8003267306650412 0.8528028654224417
0.8003267306650412 0.8528028654224417
0.8770580193070292 0.8944271909999159
0.9354143466934852 0.9486832980505138
0.9354143466934852 0.9486832980505138
0.9354143466934852 0.9486832980505138
0.9128709291752769 0.8783100656536798
0.9354143466934852 0.9486832980505138
0.9354143466934852 0.9486832980505138
0.9354143466934852 0.9486832980505138
0.9354143466934852 0.9486832980505138
0.8003267306650412 0.8528028654224417
0.9354143466934852 0.9486832980505138
0.9354143466934852 0.9486832980505138
0.8770580193070292 0.8944271909999159
0.9354143466934852 0.9486832980505138
0.9354143466934852 0.9486832980505138
0.9354143466934852 0.9486832980505138
0.9354143466934852 0.9486832980505138
0.9354143466934852 0.9486832980505138
0.9354143466934852 0.9486832980505138
0.8770580193070292 0.8944271909999159
0.9128709291752769 0.8783100656536798
0.9354143466934852 0.9486832980505138
0.9354143466934852 0.9486832980505138
0.9354143466934852 0.9486832980505138
0.9354143466934852 0.9486832980505138
0.9354143466934852 0.9486832980505138
0.9354143466934852 0.9486832980505138
0.7239227659930267 0.7737918932639426
0.9354143466934852 0.9486832980505138
0.9354143466934852 0.9486832980505138
0.8770580193070292 0.8944271909999159
0.9354143466934852 0.9486832980505138
0.810711347101024 0.8564858872844144
0.9354143466934852 0.9486832980505138
0.9354143466934852 0.9486832980505138
0.9354143466934852 0.9486832980505138
0.7977240352174656 0.8981774262781437
0.9354143466934852 0.9486832980505138
0.9128709291752769 0.8783100656536798
0.9128709291752769 0.8783100656536798
0.8770580193070292 0.8944271909999159
0.8770580193070292 0.8944271909999159
0.8003267306650412 0.8528028654224417
0.9354143466934852 0.9486832980505138
0.9354143466934852 0.9486832980505138
0.9354143466934852 0.9486832980505138
0.9354143466934852 0.9486832980505138
0.9128709291752769 0.8783100656536798
0.9354143466934852 0.9486832980505138
0.9128709291752769 0.9561828874675149
0.9354143466934852 0.9486832980505138
0.6980683814932759 0.846855465297637
0.9354143466934852 0.9486832980505138
0.9354143466934852 0.9486832980505138
0.9354143466934852 0.9486832980505138
0.9354143466934852 0.9486832980505138
0.9354143466934852 0.9486832980505138
0.9354143466934852 0.9486832980505138
0.9354143466934852 0.9486832980505138
0.8770580193070292 0.8944271909999159
0.8770580193070292 0.8944271909999159
0.9128709291752769 0.8783100656536798
0.9354143466934852 0.9486832980505138
0.8770580193070292 0.8944271909999159
0.9354143466934852 0.9486832980505138
0.9128709291752769 0.8783100656536798
0.9354143466934852 0.9486832980505138
0.9128709291752769 0.8783100656536798
0.7669074499306874 0.908617826120841
0.9128709291752769 0.8783100656536798
0.9354143466934852 0.9486832980505138
0.9354143466934852 0.9486832980505138
0.9354143466934852 0.9486832980505138
0.9128709291752769 0.8783100656536798
0.9128709291752769 0.8783100656536798
0.9128709291752769 0.9561828874675149
0.9128709291752769 0.8783100656536798
0.8770580193070292 0.8944271909999159
0.9354143466934852 0.9486832980505138
0.9354143466934852 0.9486832980505138
0.9354143466934852 0.9486832980505138
0.9354143466934852 0.9486832980505138
0.9128709291752769 0.9561828874675149
0.9354143466934852 0.9486832980505138
0.9354143466934852 0.9486832980505138
0.9354143466934852 0.9486832980505138
0.7578647467450734 0.8084520834544433
0.8003267306650412 0.8528028654224417
0.5952380952380952 0.7835467939002063
0.6980683814932759 0.846855465297637
0.9354143466934852 0.9486832980505138
0.9354143466934852 0.9486832980505138
0.9128709291752769 0.8783100656536798
0.9354143466934852 0.9486832980505138
0.9354143466934852 0.9486832980505138
0.9128709291752769 0.8783100656536798
0.9354143466934852 0.9486832980505138
0.9354143466934852 0.9486832980505138
0.9354143466934852 0.9486832980505138
0.9354143466934852 0.9486832980505138
0.9354143466934852 0.9486832980505138
0.8770580193070292 0.8944271909999159
0.9128709291752769 0.8783100656536798
0.9354143466934852 0.9486832980505138
0.9354143466934852 0.9486832980505138
0.8003267306650412 0.8528028654224417
0.810711347101024 0.8564858872844144
0.8770580193070292 0.8944271909999159
0.9354143466934852 0.9486832980505138
0.9354143466934852 0.9486832980505138
0.8770580193070292 0.8944271909999159
0.9354143466934852 0.9486832980505138
0.9128709291752769 0.8783100656536798
0.8770580193070292 0.8944271909999159
0.9354143466934852 0.9486832980505138
0.9354143466934852 0.9486832980505138
0.8003267306650412 0.8528028654224417
0.8770580193070292 0.8944271909999159
0.9354143466934852 0.9486832980505138
0.6161953991557162 0.8356190445537306
0.9354143466934852 0.9486832980505138
0.9354143466934852 0.9486832980505138
0.9354143466934852 0.9486832980505138
0.9354143466934852 0.9486832980505138
0.9354143466934852 0.9486832980505138
0.9354143466934852 0.9486832980505138
0.9354143466934852 0.9486832980505138
0.9354143466934852 0.9486832980505138
0.9354143466934852 0.9486832980505138
0.810711347101024 0.8564858872844144
0.9354143466934852 0.9486832980505138
0.9354143466934852 0.9486832980505138
0.8003267306650412 0.8528028654224417
0.9354143466934852 0.9486832980505138
0.9354143466934852 0.9486832980505138
0.9354143466934852 0.9486832980505138
0.9354143466934852 0.9486832980505138
0.9354143466934852 0.9486832980505138
0.9354143466934852 0.9486832980505138
0.9354143466934852 0.9486832980505138
0.9354143466934852 0.9486832980505138
0.9354143466934852 0.9486832980505138
0.9354143466934852 0.9486832980505138
0.9354143466934852 0.9486832980505138
0.8003267306650412 0.8528028654224417
0.8770580193070292 0.8944271909999159
0.9354143466934852 0.9486832980505138
0.9354143466934852 0.9486832980505138
0.9354143466934852 0.9486832980505138
0.9354143466934852 0.9486832980505138
0.9354143466934852 0.9486832980505138
0.9354143466934852 0.9486832980505138
0.9128709291752769 0.8783100656536798
0.9354143466934852 0.9486832980505138
0.9354143466934852 0.9486832980505138
0.9354143466934852 0.9486832980505138
0.9354143466934852 0.9486832980505138
0.9354143466934852 0.9486832980505138
0.9354143466934852 0.9486832980505138
0.9354143466934852 0.9486832980505138
0.810711347101024 0.8564858872844144
0.9354143466934852 0.9486832980505138
0.9354143466934852 0.9486832980505138
0.9354143466934852 0.9486832980505138
0.9354143466934852 0.9486832980505138
0.810711347101024 0.8564858872844144
0.9354143466934852 0.9486832980505138
0.8770580193070292 0.8944271909999159
0.9354143466934852 0.9486832980505138
0.9354143466934852 0.9486832980505138
0.9354143466934852 0.9486832980505138
0.9128709291752769 0.8783100656536798
0.8770580193070292 0.8944271909999159
0.9354143466934852 0.9486832980505138
0.9354143466934852 0.9486832980505138
0.9354143466934852 0.9486832980505138
0.9354143466934852 0.9486832980505138
0.9354143466934852 0.9486832980505138
0.9354143466934852 0.9486832980505138
0.9354143466934852 0.9486832980505138
0.9354143466934852 0.9486832980505138
0.9354143466934852 0.9486832980505138
1.0 1.0000000000000002
0.9354143466934852 0.9486832980505138
0.9354143466934852 0.9486832980505138
0.9354143466934852 0.9486832980505138
0.9354143466934852 0.9486832980505138
0.9354143466934852 0.9486832980505138
0.9354143466934852 0.9486832980505138
0.9354143466934852 0.9486832980505138
0.9354143466934852 0.9486832980505138
0.7669074499306874 0.8910122481167483
0.9354143466934852 0.9486832980505138
0.9354143466934852 0.9486832980505138
0.9354143466934852 0.9486832980505138
0.8003267306650412 0.8528028654224417
1.0 1.0000000000000002
0.9354143466934852 0.9486832980505138
0.9354143466934852 0.9486832980505138
0.9354143466934852 0.9486832980505138
0.8770580193070292 0.8944271909999159
0.9354143466934852 0.9486832980505138
0.9128709291752769 0.9561828874675149
0.9354143466934852 0.9486832980505138
0.9354143466934852 0.9486832980505138
0.8003267306650412 0.8528028654224417
0.7669074499306874 0.908617826120841
0.9354143466934852 0.9486832980505138
1.0 1.0000000000000002
0.8770580193070292 0.8944271909999159
0.9354143466934852 0.9486832980505138
0.8770580193070292 0.8944271909999159
1.0 1.0000000000000002
0.7977240352174656 0.8981774262781437
0.8003267306650412 0.8528028654224417
0.9354143466934852 0.9486832980505138
0.9354143466934852 0.9486832980505138
0.9354143466934852 0.9486832980505138
0.9354143466934852 0.9486832980505138
0.9354143466934852 0.9486832980505138
0.9354143466934852 0.9486832980505138
0.8770580193070292 0.8944271909999159
0.9128709291752769 0.8783100656536798
0.9354143466934852 0.9486832980505138
1.0 1.0000000000000002
0.9354143466934852 0.9486832980505138
0.9354143466934852 0.9486832980505138
0.7977240352174656 0.8981774262781437
0.8003267306650412 0.8528028654224417
0.8770580193070292 0.8944271909999159
0.9354143466934852 0.9486832980505138
1.0 1.0000000000000002
0.9354143466934852 0.9486832980505138
0.9128709291752769 0.8783100656536798
0.9354143466934852 0.9486832980505138
0.9354143466934852 0.9486832980505138
0.9354143466934852 0.9486832980505138
0.9354143466934852 0.9486832980505138
0.9354143466934852 0.9486832980505138
0.9354143466934852 0.9486832980505138
0.9354143466934852 0.9486832980505138
0.9354143466934852 0.9486832980505138
0.8770580193070292 0.8944271909999159
1.0 1.0000000000000002
0.9354143466934852 0.9486832980505138
0.9354143466934852 0.9486832980505138
0.9354143466934852 0.9486832980505138
0.810711347101024 0.8564858872844144
0.7669074499306874 0.8910122481167483
0.9354143466934852 0.9486832980505138
0.9354143466934852 0.9486832980505138
0.8003267306650412 0.8528028654224417
0.9354143466934852 0.9486832980505138
0.9354143466934852 0.9486832980505138
0.9354143466934852 0.9486832980505138
0.9354143466934852 0.9486832980505138
0.7239227659930267 0.7737918932639426
0.8770580193070292 0.8944271909999159
0.7307981486470351 0.8606629658238704
0.9354143466934852 0.9486832980505138
0.9128709291752769 0.8783100656536798
0.9354143466934852 0.9486832980505138
0.9354143466934852 0.9486832980505138
0.9354143466934852 0.9486832980505138
0.9354143466934852 0.9486832980505138
0.9354143466934852 0.9486832980505138
0.9354143466934852 0.9486832980505138
0.9128709291752769 0.8783100656536798
0.9354143466934852 0.9486832980505138
0.9354143466934852 0.9486832980505138
0.9354143466934852 0.9486832980505138
0.8770580193070292 0.8944271909999159
0.9354143466934852 0.9486832980505138
0.9354143466934852 0.9486832980505138
0.8003267306650412 0.8528028654224417
0.9354143466934852 0.9486832980505138
0.9128709291752769 0.8783100656536798
0.9354143466934852 0.9486832980505138
0.9354143466934852 0.9486832980505138
0.9354143466934852 0.9486832980505138
0.9354143466934852 0.9486832980505138
0.9354143466934852 0.9486832980505138
0.8770580193070292 0.8944271909999159
0.9354143466934852 0.9486832980505138
0.8003267306650412 0.8528028654224417
0.9354143466934852 0.9486832980505138
0.9128709291752769 0.8783100656536798
0.9354143466934852 0.9486832980505138
0.9354143466934852 0.9486832980505138
0.9354143466934852 0.9486832980505138
0.9354143466934852 0.9486832980505138
0.9354143466934852 0.9486832980505138
0.9354143466934852 0.9486832980505138
0.9128709291752769 0.8783100656536798
0.9354143466934852 0.9486832980505138
0.8770580193070292 0.8944271909999159
0.9354143466934852 0.9486832980505138
0.8770580193070292 0.8944271909999159
0.7977240352174656 0.8981774262781437
0.9354143466934852 0.9486832980505138
0.7977240352174656 0.8981774262781437
0.8003267306650412 0.8528028654224417
0.8003267306650412 0.8528028654224417
0.9354143466934852 0.9486832980505138
0.9354143466934852 0.9486832980505138
0.9354143466934852 0.9486832980505138
0.9354143466934852 0.9486832980505138
0.8770580193070292 0.8944271909999159
0.9354143466934852 0.9486832980505138
0.9128709291752769 0.8783100656536798
0.8003267306650412 0.8528028654224417
0.9354143466934852 0.9486832980505138
0.9128709291752769 0.8783100656536798
0.9354143466934852 0.9486832980505138
0.9354143466934852 0.9486832980505138
0.8003267306650412 0.8528028654224417
0.9128709291752769 0.8783100656536798
0.9354143466934852 0.9486832980505138
0.9354143466934852 0.9486832980505138
0.9354143466934852 0.9486832980505138
0.9354143466934852 0.9486832980505138
0.9354143466934852 0.9486832980505138
0.9354143466934852 0.9486832980505138
0.9354143466934852 0.9486832980505138
0.810711347101024 0.8564858872844144
0.9354143466934852 0.9486832980505138
0.9354143466934852 0.9486832980505138
0.9354143466934852 0.9486832980505138
0.9354143466934852 0.9486832980505138
0.9354143466934852 0.9486832980505138
0.9354143466934852 0.9486832980505138
0.8770580193070292 0.8944271909999159
0.9354143466934852 0.9486832980505138
0.8003267306650412 0.8528028654224417
0.9354143466934852 0.9486832980505138
0.9354143466934852 0.9486832980505138
0.9354143466934852 0.9486832980505138
0.9354143466934852 0.9486832980505138
0.9354143466934852 0.9486832980505138
0.9354143466934852 0.9486832980505138
0.9354143466934852 0.9486832980505138
0.9354143466934852 0.9486832980505138
0.9354143466934852 0.9486832980505138
0.9354143466934852 0.9486832980505138
0.8003267306650412 0.8528028654224417
0.8003267306650412 0.8528028654224417
0.9999999999999998 1.0
0.8003267306650412 0.8528028654224417
0.810711347101024 0.8564858872844144
0.9354143466934852 0.9486832980505138
0.9128709291752769 0.8783100656536798
0.9128709291752769 0.9561828874675149
0.9128709291752769 0.9561828874675149
0.8770580193070292 0.8944271909999159
0.8003267306650412 0.8528028654224417
0.9354143466934852 0.9486832980505138
0.8770580193070292 0.8944271909999159
0.7578647467450734 0.8084520834544433
0.9354143466934852 0.9486832980505138
0.9354143466934852 0.9486832980505138
0.9354143466934852 0.9486832980505138
0.9354143466934852 0.9486832980505138
0.7578647467450734 0.8084520834544433
0.9354143466934852 0.9486832980505138
0.8770580193070292 0.8944271909999159
0.9354143466934852 0.9486832980505138
0.8770580193070292 0.8944271909999159
0.9354143466934852 0.9486832980505138
0.9354143466934852 0.9486832980505138
0.9354143466934852 0.9486832980505138
0.9354143466934852 0.9486832980505138
0.9354143466934852 0.9486832980505138
0.9354143466934852 0.9486832980505138
0.7977240352174656 0.8981774262781437
0.9354143466934852 0.9486832980505138
0.9354143466934852 0.9486832980505138
0.9354143466934852 0.9486832980505138
0.9354143466934852 0.9486832980505138
0.9354143466934852 0.9486832980505138
0.9354143466934852 0.9486832980505138
0.9354143466934852 0.9486832980505138
0.9354143466934852 0.9486832980505138
0.9354143466934852 0.9486832980505138
0.9354143466934852 0.9486832980505138
0.7977240352174656 0.8981774262781437
0.9354143466934852 0.9486832980505138
0.9354143466934852 0.9486832980505138
0.9354143466934852 0.9486832980505138
0.8003267306650412 0.8528028654224417
0.9354143466934852 0.9486832980505138
0.9354143466934852 0.9486832980505138
0.9354143466934852 0.9486832980505138
0.9354143466934852 0.9486832980505138
0.8770580193070292 0.8944271909999159
0.9354143466934852 0.9486832980505138
0.8885233166386386 0.9428090415820635
0.9354143466934852 0.9486832980505138
0.8003267306650412 0.8528028654224417
1.0 1.0000000000000002
0.9354143466934852 0.9486832980505138
0.9354143466934852 0.9486832980505138
0.7977240352174656 0.8981774262781437
0.7578647467450734 0.8084520834544433
0.9354143466934852 0.9486832980505138
0.9354143466934852 0.9486832980505138
0.9354143466934852 0.9486832980505138
0.9354143466934852 0.9486832980505138
0.9128709291752769 0.9561828874675149
0.9354143466934852 0.9486832980505138
0.9354143466934852 0.9486832980505138
0.8770580193070292 0.8944271909999159
0.8770580193070292 0.8944271909999159
0.9354143466934852 0.9486832980505138
0.9354143466934852 0.9486832980505138
0.9354143466934852 0.9486832980505138
0.9354143466934852 0.9486832980505138
0.9354143466934852 0.9486832980505138
0.9128709291752769 0.8783100656536798
0.9354143466934852 0.9486832980505138
0.9354143466934852 0.9486832980505138
0.9354143466934852 0.9486832980505138
0.9354143466934852 0.9486832980505138
0.9354143466934852 0.9486832980505138
0.9354143466934852 0.9486832980505138
0.8770580193070292 0.8944271909999159
0.9354143466934852 0.9486832980505138
0.9128709291752769 0.9561828874675149
0.9354143466934852 0.9486832980505138
0.7669074499306874 0.908617826120841
0.9354143466934852 0.9486832980505138
0.9354143466934852 0.9486832980505138
0.810711347101024 0.8564858872844144
0.9354143466934852 0.9486832980505138
0.9354143466934852 0.9486832980505138
0.9128709291752769 0.8783100656536798
0.9354143466934852 0.9486832980505138
0.9354143466934852 0.9486832980505138
0.9354143466934852 0.9486832980505138
0.9354143466934852 0.9486832980505138
0.9354143466934852 0.9486832980505138
0.9354143466934852 0.9486832980505138
0.9354143466934852 0.9486832980505138
0.9354143466934852 0.9486832980505138
0.9354143466934852 0.9486832980505138
0.9354143466934852 0.9486832980505138
0.9128709291752769 0.8783100656536798
0.9354143466934852 0.9486832980505138
1.0 1.0000000000000002
1.0 1.0000000000000002
0.9354143466934852 0.9486832980505138
0.810711347101024 0.8564858872844144
0.8770580193070292 0.8944271909999159
0.8770580193070292 0.8944271909999159
0.9354143466934852 0.9486832980505138
0.8770580193070292 0.8944271909999159
0.9354143466934852 0.9486832980505138
0.7792865001991968 0.8609460320922785
0.8770580193070292 0.8944271909999159
0.9354143466934852 0.9486832980505138
0.9354143466934852 0.9486832980505138
0.9128709291752769 0.8783100656536798
0.8770580193070292 0.8944271909999159
0.9354143466934852 0.9486832980505138
0.8003267306650412 0.8528028654224417
0.7578647467450734 0.8084520834544433
0.8003267306650412 0.8528028654224417
0.8003267306650412 0.8528028654224417
0.8003267306650412 0.8528028654224417
0.9354143466934852 0.9486832980505138
0.9354143466934852 0.9486832980505138
0.9354143466934852 0.9486832980505138
0.9354143466934852 0.9486832980505138
0.9128709291752769 0.8783100656536798
0.9354143466934852 0.9486832980505138
0.9354143466934852 0.9486832980505138
0.9128709291752769 0.8783100656536798
0.9354143466934852 0.9486832980505138
0.9354143466934852 0.9486832980505138
0.9354143466934852 0.9486832980505138
0.9354143466934852 0.9486832980505138
0.7950463919999252 0.8977837674587726
0.9354143466934852 0.9486832980505138
0.9354143466934852 0.9486832980505138
0.9354143466934852 0.9486832980505138
0.9354143466934852 0.9486832980505138
0.9354143466934852 0.9486832980505138
0.8770580193070292 0.8944271909999159
0.9354143466934852 0.9486832980505138
0.8770580193070292 0.8944271909999159
0.9354143466934852 0.9486832980505138
0.9354143466934852 0.9486832980505138
0.9354143466934852 0.9486832980505138
0.9128709291752769 0.8783100656536798
0.9128709291752769 0.8783100656536798
0.810711347101024 0.8564858872844144
0.9354143466934852 0.9486832980505138
0.9354143466934852 0.9486832980505138
0.9354143466934852 0.9486832980505138
0.9354143466934852 0.9486832980505138
0.9354143466934852 0.9486832980505138
0.9354143466934852 0.9486832980505138
0.9354143466934852 0.9486832980505138
0.8770580193070292 0.8944271909999159
0.9354143466934852 0.9486832980505138
0.9354143466934852 0.9486832980505138
0.8770580193070292 0.8944271909999159
0.9354143466934852 0.9486832980505138
0.9354143466934852 0.9486832980505138
0.9354143466934852 0.9486832980505138
0.9354143466934852 0.9486832980505138
0.8003267306650412 0.8528028654224417
0.9128709291752769 0.8783100656536798
0.9354143466934852 0.9486832980505138
0.9354143466934852 0.9486832980505138
0.9354143466934852 0.9486832980505138
0.9354143466934852 0.9486832980505138
0.8770580193070292 0.8944271909999159
0.810711347101024 0.8564858872844144
0.9354143466934852 0.9486832980505138
0.9354143466934852 0.9486832980505138
0.9354143466934852 0.9486832980505138
0.7669074499306874 0.908617826120841
0.9128709291752769 0.8783100656536798
0.9354143466934852 0.9486832980505138
0.9354143466934852 0.9486832980505138
0.9354143466934852 0.9486832980505138
0.9354143466934852 0.9486832980505138
0.9354143466934852 0.9486832980505138
0.9354143466934852 0.9486832980505138
0.8003267306650412 0.8528028654224417
0.9354143466934852 0.9486832980505138
0.9354143466934852 0.9486832980505138
0.9354143466934852 0.9486832980505138
0.9354143466934852 0.9486832980505138
0.9354143466934852 0.9486832980505138
0.8770580193070292 0.8944271909999159
0.9354143466934852 0.9486832980505138
0.9354143466934852 0.9486832980505138
0.9354143466934852 0.9486832980505138
0.9354143466934852 0.9486832980505138
0.9354143466934852 0.9486832980505138
0.9354143466934852 0.9486832980505138
0.6980683814932759 0.846855465297637
0.9354143466934852 0.9486832980505138
1.0 1.0000000000000002
0.9354143466934852 0.9486832980505138
0.9354143466934852 0.9486832980505138
0.7977240352174656 0.8981774262781437
0.9354143466934852 0.9486832980505138
0.8003267306650412 0.8528028654224417
0.9354143466934852 0.9486832980505138
0.8770580193070292 0.8944271909999159
0.8003267306650412 0.8528028654224417
0.8770580193070292 0.8944271909999159
0.9354143466934852 0.9486832980505138
0.9354143466934852 0.9486832980505138
0.9354143466934852 0.9486832980505138
0.5952380952380952 0.7835467939002063
0.9354143466934852 0.9486832980505138
0.9354143466934852 0.9486832980505138
0.9354143466934852 0.9486832980505138
0.9354143466934852 0.9486832980505138
0.9128709291752769 0.8783100656536798
0.9354143466934852 0.9486832980505138
0.8770580193070292 0.8944271909999159
0.9354143466934852 0.9486832980505138
0.8770580193070292 0.8944271909999159
0.9128709291752769 0.8783100656536798
0.9354143466934852 0.9486832980505138
0.8003267306650412 0.8528028654224417
0.9354143466934852 0.9486832980505138
0.9354143466934852 0.9486832980505138
1.0 1.0000000000000002
0.9354143466934852 0.9486832980505138
0.8770580193070292 0.8944271909999159
0.9354143466934852 0.9486832980505138
0.9128709291752769 0.8783100656536798
0.9354143466934852 0.9486832980505138
0.9354143466934852 0.9486832980505138
0.9354143466934852 0.9486832980505138
0.9354143466934852 0.9486832980505138
0.9354143466934852 0.9486832980505138
0.9128709291752769 0.9561828874675149
0.9354143466934852 0.9486832980505138
0.9354143466934852 0.9486832980505138
0.810711347101024 0.8564858872844144
0.8770580193070292 0.8944271909999159
0.9354143466934852 0.9486832980505138
0.7669074499306874 0.908617826120841
0.9354143466934852 0.9486832980505138
0.9128709291752769 0.9561828874675149
0.9354143466934852 0.9486832980505138
0.9128709291752769 0.8783100656536798
0.9354143466934852 0.9486832980505138
0.8770580193070292 0.8944271909999159
0.9354143466934852 0.9486832980505138
0.9354143466934852 0.9486832980505138
0.8770580193070292 0.8944271909999159
0.9354143466934852 0.9486832980505138
0.9354143466934852 0.9486832980505138
0.9354143466934852 0.9486832980505138
0.9354143466934852 0.9486832980505138
0.9354143466934852 0.9486832980505138
0.9128709291752769 0.8783100656536798
0.9354143466934852 0.9486832980505138
0.9354143466934852 0.9486832980505138
0.9354143466934852 0.9486832980505138
0.9354143466934852 0.9486832980505138
0.9354143466934852 0.9486832980505138
0.9354143466934852 0.9486832980505138
0.9354143466934852 0.9486832980505138
0.9354143466934852 0.9486832980505138
