0.9999999999999999 0.9877629653290689
0.9999999999999999 0.9877629653290689
1.0 0.9940957137964865
1.0 0.9940957137964865
0.9999999999999999 0.9877629653290689
0.9999999999999999 0.9877629653290689
0.9999999999999999 0.9877629653290689
0.989743318610787 0.9687439056657984
1.0 0.9955557351145425
1.0 0.9955557351145425
1.0 0.973937693121738
0.9999999999999999 0.9877629653290689
1.0 0.9955557351145425
0.9999999999999999 0.9877629653290689
1.0 0.9933999346213602
0.9999999999999999 0.9877629653290689
0.9999999999999999 0.9877629653290689
0.9999999999999999 0.9877629653290689
0.9999999999999999 0.9877629653290689
0.9999999999999999 0.9877629653290689
1.0 0.9796364817092439
0.9999999999999999 0.9877629653290689
1.0 0.973937693121738
0.9999999999999999 0.9877629653290689
1.0 0.9964998062994187
1.0 0.9955557351145425
1.0 0.973937693121738
0.9999999999999999 0.9877629653290689
0.9999999999999999 0.9877629653290689
0.9999999999999999 0.9877629653290689
1.0 0.973937693121738
0.9999999999999999 0.9877629653290689
0.9999999999999999 0.9877629653290689
0.9999999999999999 0.9903994996319208
1.0 0.9822267705231029
0.9999999999999999 0.9877629653290689
0.9999999999999999 0.9877629653290689
0.9999999999999999 0.9877629653290689
1.0 0.9933999346213602
0.9999999999999999 0.9877629653290689
0.9999999999999999 0.9877629653290689
0.9999999999999999 0.9877629653290689
1.0 0.9747387843217856
0.9999999999999999 0.9877629653290689
0.9999999999999999 0.9877629653290689
1.0 0.9933999346213602
1.0 0.9964998062994187
1.0 0.973937693121738
0.9999999999999999 0.9877629653290689
0.9999999999999999 0.9943427382698654
1.0 0.9955557351145425
1.0 0.9955557351145425
1.0 0.9955557351145425
0.9999999999999999 0.9877629653290689
0.9999999999999999 0.9877629653290689
0.9999999999999999 0.9877629653290689
1.0 0.9933999346213602
1.0 0.9747387843217856
0.9999999999999999 0.9877629653290689
0.9999999999999999 0.9877629653290689
1.0 0.9940957137964865
1.0 0.973937693121738
1.0 0.9933999346213602
0.9999999999999999 0.9877629653290689
0.9999999999999999 0.9877629653290689
0.9999999999999999 0.9877629653290689
0.9999999999999999 0.9877629653290689
1.0 0.9955557351145425
1.0 0.9747387843217856
0.9999999999999999 0.9877629653290689
0.9999999999999999 0.9877629653290689
0.9999999999999999 0.9877629653290689
1.0 1.0000000000000002
0.9999999999999999 0.9877629653290689
0.9999999999999999 0.9877629653290689
0.9999999999999999 0.9877629653290689
0.9999999999999999 0.9877629653290689
0.9999999999999999 0.9877629653290689
0.9999999999999999 0.9877629653290689
1.0 0.9933999346213602
0.9999999999999999 0.9877629653290689
0.9999999999999999 0.9877629653290689
0.9999999999999999 0.9877629653290689
1.0 0.9747387843217856
0.9999999999999999 0.9877629653290689
1.0 0.9940957137964864
1.0 0.9955557351145425
1.0 0.9955557351145425
1.0 0.9741367439884451
0.9999999999999999 0.9877629653290689
1.0 0.9933999346213602
0.9999999999999999 0.9877629653290689
0.9999999999999999 0.9877629653290689
0.9999999999999999 0.9877629653290689
1.0 0.9933999346213602
0.9999999999999999 0.9877629653290689
0.9999999999999999 0.9877629653290689
1.0 0.9955557351145425
0.9999999999999999 0.9877629653290689
0.9999999999999999 0.9877629653290689
0.9999999999999999 0.9877629653290689
0.9999999999999999 0.9877629653290689
0.9999999999999999 0.9877629653290689
0.9999999999999999 0.9877629653290689
0.9999999999999999 0.9877629653290689
1.0 0.9955557351145425
0.9999999999999999 0.9877629653290689
1.0 0.9914999245151155
0.9999999999999999 0.9877629653290689
0.9999999999999999 0.9903994996319208
0.9999999999999999 0.9877629653290689
0.9999999999999999 0.9877629653290689
0.9999999999999999 0.9877629653290689
0.9999999999999999 0.9877629653290689
0.9999999999999999 0.9877629653290689
0.9999999999999999 0.9877629653290689
0.9999999999999999 0.9877629653290689
0.9999999999999999 0.9877629653290689
1.0 0.9933999346213602
0.9999999999999999 0.9877629653290689
1.0 0.973937693121738
0.9999999999999999 0.9877629653290689
0.9999999999999999 0.9877629653290689
0.9999999999999999 0.9877629653290689
1.0 0.973937693121738
0.9999999999999999 0.9877629653290689
0.9999999999999999 0.9877629653290689
0.9999999999999999 0.9877629653290689
1.0 0.9933999346213602
1.0 1.0000000000000002
0.9999999999999999 0.9877629653290689
0.9999999999999999 0.9877629653290689
0.9999999999999999 0.9877629653290689
0.9999999999999999 0.9877629653290689
0.9999999999999999 0.9903994996319208
0.9999999999999999 0.9877629653290689
0.9999999999999999 0.9877629653290689
0.9999999999999999 0.9877629653290689
1.0 0.9940957137964865
0.9999999999999999 0.9877629653290689
0.9999999999999999 0.9877629653290689
0.9999999999999999 0.9903994996319208
0.9999999999999999 0.9877629653290689
1.0 0.9955557351145425
1.0 0.9933999346213602
0.9999999999999999 0.9877629653290689
1.0 0.9747387843217856
0.9999999999999999 0.9877629653290689
1.0 0.9914999245151155
1.0 0.9955557351145425
0.9999999999999999 0.9877629653290689
0.9999999999999999 0.9877629653290689
0.9999999999999999 0.9877629653290689
0.9999999999999999 0.9877629653290689
0.9999999999999999 0.9877629653290689
0.9999999999999999 0.9877629653290689
1.0 0.9933999346213602
0.9999999999999999 0.9877629653290689
0.9999999999999999 0.9877629653290689
1.0 0.973937693121738
0.9999999999999999 0.9877629653290689
0.9999999999999999 0.9877629653290689
1.0 0.973937693121738
1.0 0.9955557351145425
0.9999999999999999 0.9877629653290689
0.9999999999999999 0.9877629653290689
1.0 0.9933999346213602
0.9999999999999999 0.9877629653290689
1.0 0.973937693121738
1.0 0.9933999346213602
0.9999999999999999 0.9877629653290689
0.9999999999999999 0.9877629653290689
0.9999999999999999 0.9877629653290689
0.9999999999999999 0.9877629653290689
1.0 0.973937693121738
0.9999999999999999 0.9877629653290689
0.9999999999999999 0.9877629653290689
0.9999999999999999 0.9877629653290689
0.9999999999999999 0.9877629653290689
1.0 0.9955557351145425
1.0 0.9914999245151155
0.9999999999999999 0.9877629653290689
0.9999999999999999 0.9877629653290689
0.9999999999999999 0.9877629653290689
0.9999999999999999 0.9877629653290689
0.9999999999999999 0.9877629653290689
0.9999999999999999 0.9877629653290689
1.0 0.9933999346213602
0.9999999999999999 0.9877629653290689
0.9999999999999999 0.9877629653290689
1.0 0.973937693121738
0.9999999999999999 0.9877629653290689
1.0 0.9933999346213602
1.0 0.9933999346213602
0.9999999999999999 0.9877629653290689
0.9999999999999999 0.9877629653290689
1.0 0.9955557351145425
0.9999999999999999 0.9877629653290689
0.9999999999999999 0.9877629653290689
1.0 1.0000000000000002
0.9999999999999999 0.9877629653290689
1.0 0.9747387843217856
1.0 0.9933999346213602
0.9999999999999999 0.9877629653290689
0.9999999999999999 0.9877629653290689
0.9999999999999999 0.9877629653290689
1.0 0.9955557351145425
1.0 0.9752782294241483
0.9999999999999999 0.9877629653290689
0.9999999999999999 0.9877629653290689
0.9999999999999999 0.9877629653290689
0.9999999999999999 0.9877629653290689
1.0 0.9955557351145425
0.9999999999999999 0.9877629653290689
0.9999999999999999 0.9877629653290689
0.9999999999999999 0.9877629653290689
1.0 0.973937693121738
0.9999999999999999 0.9877629653290689
0.9999999999999999 0.9877629653290689
0.9999999999999999 0.9877629653290689
1.0 0.9933999346213602
1.0 0.9747387843217856
1.0 0.9955557351145425
0.9999999999999999 0.9877629653290689
1.0 0.9933999346213602
1.0 0.9955557351145425
0.9999999999999999 0.9877629653290689
1.0 0.9933999346213602
0.9999999999999999 0.9877629653290689
0.9999999999999999 0.9877629653290689
0.9999999999999999 0.9877629653290689
0.9999999999999999 0.9877629653290689
0.9999999999999999 0.9877629653290689
1.0 0.9908181960204178
0.9999999999999999 0.9877629653290689
0.9999999999999999 0.9877629653290689
0.9999999999999999 0.9877629653290689
1.0 0.9955557351145425
0.9999999999999999 0.9903994996319208
0.9999999999999999 0.9877629653290689
1.0 0.973937693121738
0.9999999999999999 0.9877629653290689
0.989743318610787 0.9687439056657984
0.9999999999999999 0.9877629653290689
0.9999999999999999 0.9877629653290689
0.9999999999999999 0.9877629653290689
1.0 0.9940957137964865
0.9999999999999999 0.9877629653290689
1.0 0.9933999346213602
1.0 0.9933999346213602
1.0 1.0000000000000002
1.0 0.973937693121738
0.9999999999999999 0.9877629653290689
0.9999999999999999 0.9877629653290689
0.9999999999999999 0.9877629653290689
1.0 0.9914999245151155
0.9999999999999999 0.9877629653290689
1.0 0.973937693121738
0.9999999999999999 0.9877629653290689
0.9999999999999999 0.9877629653290689
0.9999999999999999 0.9877629653290689
0.9999999999999999 0.9877629653290689
0.9999999999999999 0.9877629653290689
1.0 0.9955557351145425
0.9999999999999999 0.9877629653290689
0.9999999999999999 0.9877629653290689
1.0 0.9955557351145425
0.9999999999999999 0.9877629653290689
1.0 0.9955557351145425
1.0 0.9908181960204178
1.0 0.9955557351145425
0.9999999999999999 0.9877629653290689
0.9999999999999999 0.9877629653290689
0.9999999999999999 0.9877629653290689
0.9999999999999999 0.9877629653290689
0.9999999999999999 0.9877629653290689
0.9999999999999999 0.9877629653290689
0.9999999999999999 0.9877629653290689
1.0 0.9917017107805809
1.0 0.9933999346213602
0.9999999999999999 0.9877629653290689
1.0 0.9933999346213602
1.0 0.9822267705231029
0.9999999999999999 0.9877629653290689
1.0 0.973937693121738
0.9999999999999999 0.9877629653290689
0.9999999999999999 0.9877629653290689
0.9999999999999999 0.9877629653290689
0.9999999999999999 0.9877629653290689
0.9999999999999999 0.9877629653290689
0.9999999999999999 0.9877629653290689
1.0 0.9908181960204178
0.9999999999999999 0.9877629653290689
1.0 0.973937693121738
1.0 0.9914999245151155
1.0 0.973937693121738
0.9999999999999999 0.9877629653290689
0.9999999999999999 0.9877629653290689
0.9999999999999999 0.9877629653290689
0.9999999999999999 0.9877629653290689
1.0 0.9955557351145425
0.9999999999999999 0.9877629653290689
0.9999999999999999 0.9877629653290689
0.9999999999999999 0.9877629653290689
1.0 0.9955557351145425
0.9999999999999999 0.9877629653290689
1.0 0.973937693121738
0.9999999999999999 0.9877629653290689
1.0 0.973937693121738
1.0 0.9955557351145425
0.9999999999999999 0.9877629653290689
0.9999999999999999 0.9877629653290689
0.9999999999999999 0.9877629653290689
0.9999999999999999 0.9877629653290689
0.9999999999999999 0.9877629653290689
1.0 0.9955557351145425
0.9999999999999999 0.9877629653290689
0.9999999999999999 0.9877629653290689
1.0 0.9933999346213602
0.9999999999999999 0.9877629653290689
1.0 0.9955557351145425
0.9999999999999999 0.9877629653290689
1.0 0.9747387843217856
0.9999999999999999 0.9877629653290689
0.9999999999999999 0.9877629653290689
0.9999999999999999 0.9877629653290689
0.9999999999999999 0.9877629653290689
1.0 0.973937693121738
1.0 0.9955557351145425
1.0 0.9933999346213602
0.9999999999999999 0.9877629653290689
0.9999999999999999 0.9877629653290689
0.9999999999999999 0.9877629653290689
0.9999999999999999 0.9877629653290689
1.0 0.9914999245151155
1.0 0.9822267705231029
1.0 0.973937693121738
1.0 0.973937693121738
1.0 0.9914999245151155
0.9999999999999999 0.9877629653290689
0.9999999999999999 0.9877629653290689
0.9999999999999999 0.9877629653290689
1.0 1.0000000000000002
0.9999999999999999 0.9877629653290689
0.9999999999999999 0.9877629653290689
0.9999999999999999 0.9877629653290689
0.9999999999999999 0.9877629653290689
1.0 1.0000000000000002
0.9999999999999999 0.9877629653290689
0.9999999999999999 0.9877629653290689
1.0 0.9933999346213602
0.9999999999999999 0.9877629653290689
1.0 0.9955557351145425
0.9999999999999999 0.9877629653290689
1.0 0.9933999346213602
0.9999999999999999 0.9877629653290689
1.0 0.9933999346213602
0.9999999999999999 0.9877629653290689
0.9999999999999999 0.9877629653290689
1.0 0.9933999346213602
0.9999999999999999 0.9877629653290689
0.9999999999999999 0.9877629653290689
0.9999999999999999 0.9877629653290689
1.0 0.9822267705231029
1.0 0.9914999245151155
0.9999999999999999 0.9877629653290689
0.9999999999999999 0.9877629653290689
0.9999999999999999 0.9877629653290689
0.9999999999999999 0.9877629653290689
0.9999999999999999 0.9877629653290689
1.0 0.9933999346213602
0.9999999999999999 0.9877629653290689
0.9999999999999999 0.9877629653290689
1.0 0.9747387843217856
1.0 0.9955557351145425
0.9999999999999999 0.9877629653290689
0.9999999999999999 0.9877629653290689
0.9999999999999999 0.9877629653290689
1.0 1.0000000000000002
1.0 1.0000000000000002
0.9999999999999999 0.9877629653290689
0.9999999999999999 0.9877629653290689
0.9999999999999999 0.9877629653290689
0.9999999999999999 0.9877629653290689
1.0 0.973937693121738
0.9999999999999999 0.9877629653290689
1.0 0.973937693121738
1.0 0.973937693121738
1.0 0.9955557351145425
0.9999999999999999 0.9877629653290689
0.9999999999999999 0.9877629653290689
0.9999999999999999 0.9877629653290689
1.0 0.9933999346213602
0.9999999999999999 0.9877629653290689
0.9999999999999999 0.9877629653290689
0.9999999999999999 0.9877629653290689
0.9999999999999999 0.9877629653290689
1.0 0.973937693121738
0.9999999999999999 0.9877629653290689
0.9999999999999999 0.9877629653290689
1.0 0.9955557351145425
0.9999999999999999 0.9877629653290689
0.9999999999999999 0.9877629653290689
0.9999999999999999 0.9877629653290689
0.9999999999999999 0.9877629653290689
0.9999999999999999 0.9877629653290689
0.9999999999999999 0.9877629653290689
1.0 0.9955557351145425
1.0 0.9933999346213602
0.9999999999999999 0.9877629653290689
0.9999999999999999 0.9877629653290689
0.9999999999999999 0.9877629653290689
0.9999999999999999 0.9877629653290689
0.9999999999999999 0.9877629653290689
0.9999999999999999 0.9877629653290689
1.0 0.9906542470116089
0.9999999999999999 0.9877629653290689
0.9999999999999999 0.9877629653290689
1.0 0.9955557351145425
0.9999999999999999 0.9877629653290689
1.0 0.9747387843217856
0.9999999999999999 0.9877629653290689
0.9999999999999999 0.9877629653290689
0.9999999999999999 0.9877629653290689
1.0 0.9822267705231029
0.9999999999999999 0.9877629653290689
1.0 0.9933999346213602
1.0 0.9933999346213602
1.0 0.9955557351145425
1.0 0.9955557351145425
1.0 0.973937693121738
0.9999999999999999 0.9877629653290689
0.9999999999999999 0.9877629653290689
0.9999999999999999 0.9877629653290689
0.9999999999999999 0.9877629653290689
1.0 0.9933999346213602
0.9999999999999999 0.9877629653290689
1.0 0.9914999245151155
0.9999999999999999 0.9877629653290689
0.9999999999999999 0.9903994996319208
0.9999999999999999 0.9877629653290689
0.9999999999999999 0.9877629653290689
0.9999999999999999 0.9877629653290689
0.9999999999999999 0.9877629653290689
0.9999999999999999 0.9877629653290689
0.9999999999999999 0.9877629653290689
0.9999999999999999 0.9877629653290689
1.0 0.9955557351145425
1.0 0.9955557351145425
1.0 0.9933999346213602
0.9999999999999999 0.9877629653290689
1.0 0.9955557351145425
0.9999999999999999 0.9877629653290689
1.0 0.9933999346213602
0.9999999999999999 0.9877629653290689
1.0 0.9933999346213602
1.0 0.9940957137964865
1.0 0.9933999346213602
0.9999999999999999 0.9877629653290689
0.9999999999999999 0.9877629653290689
0.9999999999999999 0.9877629653290689
1.0 0.99339993462136
1.0 0.9933999346213602
1.0 0.9914999245151155
1.0 0.9933999346213602
1.0 0.9955557351145425
0.9999999999999999 0.9877629653290689
0.9999999999999999 0.9877629653290689
0.9999999999999999 0.9877629653290689
0.9999999999999999 0.9877629653290689
1.0 0.9914999245151155
0.9999999999999999 0.9877629653290689
0.9999999999999999 0.9877629653290689
0.9999999999999999 0.9877629653290689
1.0 0.9796364817092439
1.0 0.973937693121738
1.0 0.9787891951388182
0.9999999999999999 0.9903994996319208
0.9999999999999999 0.9877629653290689
0.9999999999999999 0.9877629653290689
1.0 0.99339993462136
0.9999999999999999 0.9877629653290689
0.9999999999999999 0.9877629653290689
1.0 0.9933999346213602
0.9999999999999999 0.9877629653290689
0.9999999999999999 0.9877629653290689
0.9999999999999999 0.9877629653290689
0.9999999999999999 0.9877629653290689
0.9999999999999999 0.9877629653290689
1.0 0.9955557351145425
1.0 0.99339993462136
0.9999999999999999 0.9877629653290689
0.9999999999999999 0.9877629653290689
1.0 0.973937693121738
1.0 0.9747387843217856
1.0 0.9955557351145425
0.9999999999999999 0.9877629653290689
0.9999999999999999 0.9877629653290689
1.0 0.9955557351145425
0.9999999999999999 0.9877629653290689
1.0 0.99339993462136
1.0 0.9955557351145425
0.9999999999999999 0.9877629653290689
0.9999999999999999 0.9877629653290689
1.0 0.973937693121738
1.0 0.9955557351145425
0.9999999999999999 0.9877629653290689
1.0 0.9677599585978258
0.9999999999999999 0.9877629653290689
0.9999999999999999 0.9877629653290689
0.9999999999999999 0.9877629653290689
0.9999999999999999 0.9877629653290689
0.9999999999999999 0.9877629653290689
0.9999999999999999 0.9877629653290689
0.9999999999999999 0.9877629653290689
0.9999999999999999 0.9877629653290689
0.9999999999999999 0.9877629653290689
1.0 0.9747387843217856
0.9999999999999999 0.9877629653290689
0.9999999999999999 0.9877629653290689
1.0 0.973937693121738
0.9999999999999999 0.9877629653290689
0.9999999999999999 0.9877629653290689
0.9999999999999999 0.9877629653290689
0.9999999999999999 0.9877629653290689
0.9999999999999999 0.9877629653290689
0.9999999999999999 0.9877629653290689
0.9999999999999999 0.9877629653290689
0.9999999999999999 0.9877629653290689
0.9999999999999999 0.9877629653290689
0.9999999999999999 0.9877629653290689
0.9999999999999999 0.9877629653290689
1.0 0.973937693121738
1.0 0.9955557351145425
0.9999999999999999 0.9877629653290689
0.9999999999999999 0.9877629653290689
0.9999999999999999 0.9877629653290689
0.9999999999999999 0.9877629653290689
0.9999999999999999 0.9877629653290689
0.9999999999999999 0.9877629653290689
1.0 0.9933999346213602
0.9999999999999999 0.9877629653290689
0.9999999999999999 0.9877629653290689
0.9999999999999999 0.9877629653290689
0.9999999999999999 0.9877629653290689
0.9999999999999999 0.9877629653290689
0.9999999999999999 0.9877629653290689
0.9999999999999999 0.9877629653290689
1.0 0.9747387843217856
0.9999999999999999 0.9877629653290689
0.9999999999999999 0.9877629653290689
0.9999999999999999 0.9877629653290689
0.9999999999999999 0.9877629653290689
1.0 0.9747387843217856
0.9999999999999999 0.9877629653290689
1.0 0.9955557351145425
0.9999999999999999 0.9877629653290689
0.9999999999999999 0.9877629653290689
0.9999999999999999 0.9877629653290689
1.0 0.9933999346213602
1.0 0.9955557351145425
0.9999999999999999 0.9877629653290689
0.9999999999999999 0.9877629653290689
0.9999999999999999 0.9877629653290689
0.9999999999999999 0.9877629653290689
0.9999999999999999 0.9877629653290689
0.9999999999999999 0.9877629653290689
0.9999999999999999 0.9877629653290689
0.9999999999999999 0.9877629653290689
0.9999999999999999 0.9877629653290689
1.0 1.0000000000000002
0.9999999999999999 0.9877629653290689
0.9999999999999999 0.9877629653290689
0.9999999999999999 0.9877629653290689
0.9999999999999999 0.9877629653290689
0.9999999999999999 0.9877629653290689
0.9999999999999999 0.9877629653290689
0.9999999999999999 0.9877629653290689
0.9999999999999999 0.9877629653290689
1.0 0.9964998062994187
0.9999999999999999 0.9877629653290689
0.9999999999999999 0.9877629653290689
0.9999999999999999 0.9877629653290689
1.0 0.973937693121738
1.0 1.0000000000000002
0.9999999999999999 0.9877629653290689
0.9999999999999999 0.9877629653290689
0.9999999999999999 0.9877629653290689
1.0 0.9955557351145425
0.9999999999999999 0.9877629653290689
1.0 0.9914999245151155
0.9999999999999999 0.9877629653290689
0.9999999999999999 0.9877629653290689
1.0 0.973937693121738
1.0 0.9940957137964865
0.9999999999999999 0.9877629653290689
1.0 1.0000000000000002
1.0 0.9955557351145425
0.9999999999999999 0.9877629653290689
1.0 0.9955557351145425
1.0 1.0000000000000002
1.0 0.9822267705231029
1.0 0.973937693121738
0.9999999999999999 0.9877629653290689
0.9999999999999999 0.9877629653290689
0.9999999999999999 0.9877629653290689
0.9999999999999999 0.9877629653290689
0.9999999999999999 0.9877629653290689
0.9999999999999999 0.9877629653290689
1.0 0.9955557351145425
1.0 0.99339993462136
0.9999999999999999 0.9877629653290689
1.0 1.0000000000000002
0.9999999999999999 0.9877629653290689
0.9999999999999999 0.9877629653290689
1.0 0.9822267705231029
1.0 0.973937693121738
1.0 0.9955557351145425
0.9999999999999999 0.9877629653290689
1.0 1.0000000000000002
0.9999999999999999 0.9877629653290689
1.0 0.9933999346213602
0.9999999999999999 0.9877629653290689
0.9999999999999999 0.9877629653290689
0.9999999999999999 0.9877629653290689
0.9999999999999999 0.9877629653290689
0.9999999999999999 0.9877629653290689
0.9999999999999999 0.9877629653290689
0.9999999999999999 0.9877629653290689
0.9999999999999999 0.9877629653290689
1.0 0.9955557351145425
1.0 1.0000000000000002
0.9999999999999999 0.9877629653290689
0.9999999999999999 0.9877629653290689
0.9999999999999999 0.9877629653290689
1.0 0.9747387843217856
1.0 0.9964998062994187
0.9999999999999999 0.9877629653290689
0.9999999999999999 0.9877629653290689
1.0 0.973937693121738
0.9999999999999999 0.9877629653290689
0.9999999999999999 0.9877629653290689
0.9999999999999999 0.9877629653290689
0.9999999999999999 0.9877629653290689
1.0 0.9906542470116089
1.0 0.9955557351145425
1.0 0.9917017107805809
0.9999999999999999 0.9877629653290689
1.0 0.9933999346213602
0.9999999999999999 0.9877629653290689
0.9999999999999999 0.9877629653290689
0.9999999999999999 0.9877629653290689
0.9999999999999999 0.9877629653290689
0.9999999999999999 0.9877629653290689
0.9999999999999999 0.9877629653290689
1.0 0.9933999346213602
0.9999999999999999 0.9877629653290689
0.9999999999999999 0.9877629653290689
0.9999999999999999 0.9877629653290689
1.0 0.9955557351145425
0.9999999999999999 0.9877629653290689
0.9999999999999999 0.9877629653290689
1.0 0.973937693121738
0.9999999999999999 0.9877629653290689
1.0 0.9933999346213602
0.9999999999999999 0.9877629653290689
0.9999999999999999 0.9877629653290689
0.9999999999999999 0.9877629653290689
0.9999999999999999 0.9877629653290689
0.9999999999999999 0.9877629653290689
1.0 0.9955557351145425
0.9999999999999999 0.9877629653290689
1.0 0.973937693121738
0.9999999999999999 0.9877629653290689
1.0 0.9933999346213602
0.9999999999999999 0.9877629653290689
0.9999999999999999 0.9877629653290689
0.9999999999999999 0.9877629653290689
0.9999999999999999 0.9877629653290689
0.9999999999999999 0.9877629653290689
0.9999999999999999 0.9877629653290689
1.0 0.9933999346213602
0.9999999999999999 0.9877629653290689
1.0 0.9955557351145425
0.9999999999999999 0.9877629653290689
1.0 0.9955557351145425
1.0 0.9822267705231029
0.9999999999999999 0.9877629653290689
1.0 0.9822267705231029
1.0 0.973937693121738
1.0 0.973937693121738
0.9999999999999999 0.9877629653290689
0.9999999999999999 0.9877629653290689
0.9999999999999999 0.9877629653290689
0.9999999999999999 0.9877629653290689
1.0 0.9955557351145425
0.9999999999999999 0.9877629653290689
1.0 0.9933999346213602
1.0 0.973937693121738
0.9999999999999999 0.9877629653290689
1.0 0.9933999346213602
0.9999999999999999 0.9877629653290689
0.9999999999999999 0.9877629653290689
1.0 0.973937693121738
1.0 0.9933999346213602
0.9999999999999999 0.9877629653290689
0.9999999999999999 0.9877629653290689
0.9999999999999999 0.9877629653290689
0.9999999999999999 0.9877629653290689
0.9999999999999999 0.9877629653290689
0.9999999999999999 0.9877629653290689
0.9999999999999999 0.9877629653290689
1.0 0.9747387843217856
0.9999999999999999 0.9877629653290689
0.9999999999999999 0.9877629653290689
0.9999999999999999 0.9877629653290689
0.9999999999999999 0.9877629653290689
0.9999999999999999 0.9877629653290689
0.9999999999999999 0.9877629653290689
1.0 0.9955557351145425
0.9999999999999999 0.9877629653290689
1.0 0.973937693121738
0.9999999999999999 0.9877629653290689
0.9999999999999999 0.9877629653290689
0.9999999999999999 0.9877629653290689
0.9999999999999999 0.9877629653290689
0.9999999999999999 0.9877629653290689
0.9999999999999999 0.9877629653290689
0.9999999999999999 0.9877629653290689
0.9999999999999999 0.9877629653290689
0.9999999999999999 0.9877629653290689
0.9999999999999999 0.9877629653290689
1.0 0.973937693121738
1.0 0.973937693121738
0.9999999999999998 1.0
1.0 0.973937693121738
1.0 0.9747387843217856
0.9999999999999999 0.9877629653290689
1.0 0.9933999346213602
1.0 0.9914999245151155
1.0 0.9914999245151155
1.0 0.9955557351145425
1.0 0.973937693121738
0.9999999999999999 0.9877629653290689
1.0 0.9955557351145425
1.0 0.9796364817092439
0.9999999999999999 0.9877629653290689
0.9999999999999999 0.9877629653290689
0.9999999999999999 0.9877629653290689
0.9999999999999999 0.9877629653290689
1.0 0.9796364817092439
0.9999999999999999 0.9877629653290689
1.0 0.9955557351145425
0.9999999999999999 0.9877629653290689
1.0 0.9955557351145425
0.9999999999999999 0.9877629653290689
0.9999999999999999 0.9877629653290689
0.9999999999999999 0.9877629653290689
0.9999999999999999 0.9877629653290689
0.9999999999999999 0.9877629653290689
0.9999999999999999 0.9877629653290689
1.0 0.9822267705231029
0.9999999999999999 0.9877629653290689
0.9999999999999999 0.9877629653290689
0.9999999999999999 0.9877629653290689
0.9999999999999999 0.9877629653290689
0.9999999999999999 0.9877629653290689
0.9999999999999999 0.9877629653290689
0.9999999999999999 0.9877629653290689
0.9999999999999999 0.9877629653290689
0.9999999999999999 0.9877629653290689
0.9999999999999999 0.9877629653290689
1.0 0.9822267705231029
0.9999999999999999 0.9877629653290689
0.9999999999999999 0.9877629653290689
0.9999999999999999 0.9877629653290689
1.0 0.973937693121738
0.9999999999999999 0.9877629653290689
0.9999999999999999 0.9877629653290689
0.9999999999999999 0.9877629653290689
0.9999999999999999 0.9877629653290689
1.0 0.9955557351145425
0.9999999999999999 0.9877629653290689
1.0 0.978231976089037
0.9999999999999999 0.9877629653290689
1.0 0.973937693121738
1.0 1.0000000000000002
0.9999999999999999 0.9877629653290689
0.9999999999999999 0.9877629653290689
1.0 0.9822267705231029
1.0 0.9796364817092439
0.9999999999999999 0.9877629653290689
0.9999999999999999 0.9877629653290689
0.9999999999999999 0.9877629653290689
0.9999999999999999 0.9877629653290689
1.0 0.9914999245151155
0.9999999999999999 0.9877629653290689
0.9999999999999999 0.9877629653290689
1.0 0.9955557351145425
1.0 0.9955557351145425
0.9999999999999999 0.9877629653290689
0.9999999999999999 0.9877629653290689
0.9999999999999999 0.9877629653290689
0.9999999999999999 0.9877629653290689
0.9999999999999999 0.9877629653290689
1.0 0.9933999346213602
0.9999999999999999 0.9877629653290689
0.9999999999999999 0.9877629653290689
0.9999999999999999 0.9877629653290689
0.9999999999999999 0.9877629653290689
0.9999999999999999 0.9877629653290689
0.9999999999999999 0.9877629653290689
1.0 0.9955557351145425
0.9999999999999999 0.9877629653290689
1.0 0.9914999245151155
0.9999999999999999 0.9877629653290689
1.0 0.9940957137964865
0.9999999999999999 0.9877629653290689
0.9999999999999999 0.9877629653290689
1.0 0.9747387843217856
0.9999999999999999 0.9877629653290689
0.9999999999999999 0.9877629653290689
1.0 0.9933999346213602
0.9999999999999999 0.9877629653290689
0.9999999999999999 0.9877629653290689
0.9999999999999999 0.9877629653290689
0.9999999999999999 0.9877629653290689
0.9999999999999999 0.9877629653290689
0.9999999999999999 0.9877629653290689
0.9999999999999999 0.9877629653290689
0.9999999999999999 0.9877629653290689
0.9999999999999999 0.9877629653290689
0.9999999999999999 0.9877629653290689
1.0 0.9933999346213602
0.9999999999999999 0.9877629653290689
1.0 1.0000000000000002
1.0 1.0000000000000002
0.9999999999999999 0.9877629653290689
1.0 0.9747387843217856
1.0 0.9955557351145425
1.0 0.9955557351145425
0.9999999999999999 0.9877629653290689
1.0 0.9955557351145425
0.9999999999999999 0.9877629653290689
0.9885710532241612 0.9664886684588871
1.0 0.9955557351145425
0.9999999999999999 0.9877629653290689
0.9999999999999999 0.9877629653290689
1.0 0.9933999346213602
1.0 0.9955557351145425
0.9999999999999999 0.9877629653290689
1.0 0.973937693121738
1.0 0.9796364817092439
1.0 0.973937693121738
1.0 0.973937693121738
1.0 0.973937693121738
0.9999999999999999 0.9877629653290689
0.9999999999999999 0.9877629653290689
0.9999999999999999 0.9877629653290689
0.9999999999999999 0.9877629653290689
1.0 0.9933999346213602
0.9999999999999999 0.9877629653290689
0.9999999999999999 0.9877629653290689
1.0 0.9933999346213602
0.9999999999999999 0.9877629653290689
0.9999999999999999 0.9877629653290689
0.9999999999999999 0.9877629653290689
0.9999999999999999 0.9877629653290689
0.9999999999999999 0.9943427382698654
0.9999999999999999 0.9877629653290689
0.9999999999999999 0.9877629653290689
0.9999999999999999 0.9877629653290689
0.9999999999999999 0.9877629653290689
0.9999999999999999 0.9877629653290689
1.0 0.9955557351145425
0.9999999999999999 0.9877629653290689
1.0 0.9955557351145425
0.9999999999999999 0.9877629653290689
0.9999999999999999 0.9877629653290689
0.9999999999999999 0.9877629653290689
1.0 0.9933999346213602
1.0 0.9933999346213602
1.0 0.9747387843217856
0.9999999999999999 0.9877629653290689
0.9999999999999999 0.9877629653290689
0.9999999999999999 0.9877629653290689
0.9999999999999999 0.9877629653290689
0.9999999999999999 0.9877629653290689
0.9999999999999999 0.9877629653290689
0.9999999999999999 0.9877629653290689
1.0 0.9955557351145425
0.9999999999999999 0.9877629653290689
0.9999999999999999 0.9877629653290689
1.0 0.9955557351145425
0.9999999999999999 0.9877629653290689
0.9999999999999999 0.9877629653290689
0.9999999999999999 0.9877629653290689
0.9999999999999999 0.9877629653290689
1.0 0.973937693121738
1.0 0.9933999346213602
0.9999999999999999 0.9877629653290689
0.9999999999999999 0.9877629653290689
0.9999999999999999 0.9877629653290689
0.9999999999999999 0.9877629653290689
1.0 0.9955557351145425
1.0 0.9747387843217856
0.9999999999999999 0.9877629653290689
0.9999999999999999 0.9877629653290689
0.9999999999999999 0.9877629653290689
1.0 0.9940957137964865
1.0 0.9933999346213602
0.9999999999999999 0.9877629653290689
0.9999999999999999 0.9877629653290689
0.9999999999999999 0.9877629653290689
0.9999999999999999 0.9877629653290689
0.9999999999999999 0.9877629653290689
0.9999999999999999 0.9877629653290689
1.0 0.973937693121738
0.9999999999999999 0.9877629653290689
0.9999999999999999 0.9877629653290689
0.9999999999999999 0.9877629653290689
0.9999999999999999 0.9877629653290689
0.9999999999999999 0.9877629653290689
1.0 0.9955557351145425
0.9999999999999999 0.9877629653290689
0.9999999999999999 0.9877629653290689
0.9999999999999999 0.9877629653290689
0.9999999999999999 0.9877629653290689
0.9999999999999999 0.9877629653290689
0.9999999999999999 0.9877629653290689
0.9999999999999999 0.9903994996319208
0.9999999999999999 0.9877629653290689
1.0 1.0000000000000002
0.9999999999999999 0.9877629653290689
0.9999999999999999 0.9877629653290689
1.0 0.9822267705231029
0.9999999999999999 0.9877629653290689
1.0 0.973937693121738
0.9999999999999999 0.9877629653290689
1.0 0.9955557351145425
1.0 0.973937693121738
1.0 0.9955557351145425
0.9999999999999999 0.9877629653290689
0.9999999999999999 0.9877629653290689
0.9999999999999999 0.9877629653290689
1.0 0.9787891951388182
0.9999999999999999 0.9877629653290689
0.9999999999999999 0.9877629653290689
0.9999999999999999 0.9877629653290689
0.9999999999999999 0.9877629653290689
1.0 0.9933999346213602
0.9999999999999999 0.9877629653290689
1.0 0.9955557351145425
0.9999999999999999 0.9877629653290689
1.0 0.9955557351145425
1.0 0.9933999346213602
0.9999999999999999 0.9877629653290689
1.0 0.973937693121738
0.9999999999999999 0.9877629653290689
0.9999999999999999 0.9877629653290689
1.0 1.0000000000000002
0.9999999999999999 0.9877629653290689
1.0 0.9955557351145425
0.9999999999999999 0.9877629653290689
1.0 0.9933999346213602
0.9999999999999999 0.9877629653290689
0.9999999999999999 0.9877629653290689
0.9999999999999999 0.9877629653290689
0.9999999999999999 0.9877629653290689
0.9999999999999999 0.9877629653290689
1.0 0.9914999245151155
0.9999999999999999 0.9877629653290689
0.9999999999999999 0.9877629653290689
1.0 0.9747387843217856
1.0 0.9955557351145425
0.9999999999999999 0.9877629653290689
1.0 0.9940957137964865
0.9999999999999999 0.9877629653290689
1.0 0.9914999245151155
0.9999999999999999 0.9877629653290689
1.0 0.9933999346213602
0.9999999999999999 0.9877629653290689
1.0 0.9955557351145425
0.9999999999999999 0.9877629653290689
0.9999999999999999 0.9877629653290689
1.0 0.9955557351145425
0.9999999999999999 0.9877629653290689
0.9999999999999999 0.9877629653290689
0.9999999999999999 0.9877629653290689
0.9999999999999999 0.9877629653290689
0.9999999999999999 0.9877629653290689
1.0 0.9933999346213602
0.9999999999999999 0.9877629653290689
0.9999999999999999 0.9877629653290689
0.9999999999999999 0.9877629653290689
0.9999999999999999 0.9877629653290689
0.9999999999999999 0.9877629653290689
0.9999999999999999 0.9877629653290689
0.9999999999999999 0.9877629653290689
0.9999999999999999 0.9877629653290689
