0.9999999999999999
0.9999999999999999
0.960768922830523
0.960768922830523
0.9999999999999999
0.9701425001453318
0.9701425001453318
0.8126763812025554
1.0
1.0
0.9847319278346619
0.9701425001453318
1.0
0.9999999999999999
0.9607689228305228
0.9701425001453318
0.9999999999999999
0.9999999999999999
0.9701425001453318
1.0
0.8791278938007466
0.9701425001453318
0.9486832980505137
0.9999999999999999
0.960768922830523
1.0
0.9733285267845754
0.9999999999999999
0.9701425001453318
0.9701425001453318
0.9733285267845754
0.9999999999999999
1.0
1.0
0.9999999999999999
1.0
0.9999999999999999
0.9999999999999999
0.9607689228305228
0.9701425001453318
0.9701425001453318
0.9999999999999999
0.8966109552498206
0.9999999999999999
0.9999999999999999
0.9607689228305228
0.960768922830523
0.9486832980505137
1.0
0.9801960588196067
1.0
1.0
1.0
0.9701425001453318
0.9701425001453318
0.9999999999999999
0.9607689228305228
0.8966109552498206
0.9701425001453318
0.9999999999999999
0.960768922830523
0.9847319278346619
0.9607689228305228
0.9701425001453318
0.9999999999999999
0.9999999999999999
0.9701425001453318
1.0
0.8966109552498206
0.9701425001453318
0.9999999999999999
0.9701425001453318
1.0
0.9999999999999999
0.9999999999999999
0.9999999999999999
0.9701425001453318
1.0
1.0
0.9607689228305228
0.9701425001453318
0.9701425001453318
0.9701425001453318
0.8966109552498206
0.9999999999999999
0.960768922830523
1.0
1.0
0.9267780101164963
0.9701425001453318
0.9607689228305228
0.9701425001453318
0.9999999999999999
0.9701425001453318
0.9607689228305228
0.9999999999999999
0.9999999999999999
1.0
0.9999999999999999
0.9999999999999999
0.9701425001453318
0.9999999999999999
1.0
0.9701425001453318
0.9999999999999999
1.0
1.0
1.0
0.9999999999999999
1.0
0.9999999999999999
0.9701425001453318
0.9701425001453318
0.9999999999999999
0.9999999999999999
0.9999999999999999
1.0
0.9701425001453318
0.9607689228305228
1.0
0.9733285267845754
0.9999999999999999
0.9999999999999999
0.9999999999999999
0.9733285267845754
0.9999999999999999
0.9701425001453318
1.0
0.9607689228305228
0.960768922830523
1.0
0.9701425001453318
0.9999999999999999
0.9701425001453318
1.0
0.9999999999999999
1.0
0.9999999999999999
0.960768922830523
0.9701425001453318
0.9999999999999999
1.0
0.9999999999999999
1.0
0.9607689228305228
1.0
0.8966109552498206
0.9701425001453318
1.0
1.0
0.9999999999999999
0.9999999999999999
0.9999999999999999
0.9701425001453318
1.0
0.9999999999999999
0.9607689228305228
0.9999999999999999
0.9999999999999999
0.9847319278346619
0.9999999999999999
1.0
0.9486832980505137
1.0
0.9701425001453318
0.9701425001453318
0.9607689228305228
0.9999999999999999
0.9486832980505137
0.9607689228305228
0.9701425001453318
0.9701425001453318
0.9701425001453318
0.9999999999999999
0.9486832980505137
0.9999999999999999
0.9701425001453318
0.9701425001453318
0.9999999999999999
1.0
1.0
0.9999999999999999
0.9701425001453318
0.9999999999999999
0.9999999999999999
0.9701425001453318
0.9999999999999999
0.9607689228305228
0.9999999999999999
0.9701425001453318
0.9486832980505137
0.9999999999999999
0.9607689228305228
0.9607689228305228
0.9999999999999999
0.9701425001453318
1.0
0.9999999999999999
0.9999999999999999
1.0
0.9701425001453318
0.8966109552498206
0.9607689228305228
0.9999999999999999
1.0
0.9701425001453318
1.0
0.9363821838346235
1.0
0.9701425001453318
0.9701425001453318
0.9701425001453318
1.0
0.9999999999999999
0.9999999999999999
0.9701425001453318
0.9486832980505137
0.9999999999999999
1.0
0.9701425001453318
0.9607689228305228
0.8966109552498206
1.0
0.9999999999999999
0.9607689228305228
1.0
0.9999999999999999
0.9607689228305228
0.9999999999999999
0.9999999999999999
0.9999999999999999
1.0
0.9999999999999999
0.9682458365518543
0.9999999999999999
0.9999999999999999
1.0
1.0
1.0
0.9999999999999999
0.9486832980505137
0.9701425001453318
0.8126763812025554
0.9999999999999999
1.0
0.9999999999999999
0.960768922830523
0.9999999999999999
0.9607689228305228
0.9607689228305228
1.0
0.9486832980505137
0.9999999999999999
0.9701425001453318
1.0
1.0
0.9701425001453318
0.9733285267845754
0.9701425001453318
0.9701425001453318
0.9701425001453318
1.0
0.9701425001453318
1.0
0.9701425001453318
0.9999999999999999
1.0
0.9999999999999999
1.0
0.9682458365518543
1.0
0.9701425001453318
0.9701425001453318
0.9999999999999999
0.9701425001453318
0.9999999999999999
0.9999999999999999
1.0
1.0
0.9607689228305228
0.9999999999999999
0.9607689228305228
0.9999999999999999
0.9701425001453318
0.9733285267845754
1.0
0.9701425001453318
0.9999999999999999
0.9999999999999999
1.0
0.9701425001453318
0.9682458365518543
0.9999999999999999
0.9733285267845754
1.0
0.9847319278346619
0.9701425001453318
0.9999999999999999
0.9701425001453318
1.0
1.0
0.9999999999999999
0.9999999999999999
0.9999999999999999
1.0
0.9701425001453318
0.9733285267845754
0.9999999999999999
0.9486832980505137
1.0
0.9999999999999999
0.9999999999999999
0.9701425001453318
0.9999999999999999
0.9999999999999999
1.0
0.9999999999999999
0.9701425001453318
0.9607689228305228
0.9999999999999999
1.0
0.9701425001453318
0.8966109552498206
0.9999999999999999
0.9701425001453318
1.0
0.9701425001453318
0.9847319278346619
1.0
0.9607689228305228
0.9701425001453318
0.9999999999999999
0.9701425001453318
0.9701425001453318
1.0
0.9999999999999999
0.9486832980505137
0.9486832980505137
1.0
0.9701425001453318
1.0
0.9999999999999999
0.960768922830523
0.9999999999999999
1.0
0.9999999999999999
0.9999999999999999
0.960768922830523
0.9999999999999999
0.9701425001453318
0.9607689228305228
1.0
1.0
0.9999999999999999
0.9607689228305228
0.9701425001453318
0.9607689228305228
0.9701425001453318
0.9701425001453318
0.9607689228305228
0.9701425001453318
0.9999999999999999
0.9999999999999999
0.9999999999999999
1.0
0.9999999999999999
0.9999999999999999
0.9701425001453318
0.9701425001453318
0.9701425001453318
0.9607689228305228
0.9701425001453318
1.0
0.8966109552498206
1.0
0.9701425001453318
0.9701425001453318
1.0
1.0
1.0
0.9701425001453318
0.9999999999999999
0.9999999999999999
0.9701425001453318
0.9847319278346619
1.0
0.9847319278346619
0.9733285267845754
1.0
0.9701425001453318
0.9701425001453318
0.9701425001453318
0.9607689228305228
0.9999999999999999
0.9701425001453318
0.9701425001453318
0.9701425001453318
0.9733285267845754
0.9999999999999999
0.9701425001453318
1.0
0.9701425001453318
0.9701425001453318
0.9701425001453318
0.9701425001453318
0.9701425001453318
0.9999999999999999
1.0
0.9607689228305228
0.9999999999999999
1.0
0.9701425001453318
0.9701425001453318
0.9999999999999999
0.9999999999999999
0.9733285267845754
0.9999999999999999
0.9701425001453318
1.0
0.9701425001453318
0.8966109552498206
0.9701425001453318
0.9701425001453318
0.9701425001453318
0.9999999999999999
0.9701425001453318
0.9607689228305228
0.9607689228305228
1.0
1.0
0.9733285267845754
0.9701425001453318
0.9999999999999999
0.9701425001453318
0.9701425001453318
0.9607689228305228
0.9999999999999999
1.0
0.9999999999999999
1.0
0.9701425001453318
0.9999999999999999
0.9701425001453318
0.9999999999999999
0.9701425001453318
0.9701425001453318
0.9701425001453318
1.0
1.0
0.9607689228305228
0.9999999999999999
1.0
0.9701425001453318
0.9607689228305228
0.9701425001453318
0.9607689228305228
0.960768922830523
0.9607689228305228
0.9999999999999999
1.0
0.9701425001453318
1.0
0.9607689228305228
1.0
0.9607689228305228
1.0
0.9701425001453318
0.9701425001453318
0.9701425001453318
1.0
1.0
0.9999999999999999
0.9999999999999999
0.9701425001453318
0.9182191382286217
0.9486832980505137
0.9511897312113419
1.0
0.9999999999999999
0.9701425001453318
1.0
1.0
0.9999999999999999
0.9607689228305228
0.9999999999999999
0.9701425001453318
0.9701425001453318
0.9701425001453318
0.9999999999999999
1.0
1.0
0.9999999999999999
0.9701425001453318
0.9733285267845754
0.8966109552498206
1.0
0.9701425001453318
0.9999999999999999
1.0
0.9701425001453318
1.0
1.0
0.9701425001453318
1.0
0.9733285267845754
1.0
0.9701425001453318
0.8406728074767076
0.9999999999999999
0.9999999999999999
0.9999999999999999
1.0
0.9701425001453318
0.9701425001453318
0.9701425001453318
0.9999999999999999
0.9999999999999999
0.8966109552498206
0.9701425001453318
0.9701425001453318
0.9847319278346619
0.9999999999999999
0.9999999999999999
0.9999999999999999
0.9999999999999999
0.9999999999999999
0.9701425001453318
0.9701425001453318
0.9701425001453318
0.9999999999999999
0.9701425001453318
0.9701425001453318
0.9486832980505137
1.0
0.9701425001453318
1.0
0.9999999999999999
0.9701425001453318
0.9999999999999999
0.9999999999999999
0.9607689228305228
0.9999999999999999
0.9999999999999999
0.9701425001453318
0.9999999999999999
0.9999999999999999
0.9701425001453318
0.9701425001453318
0.8966109552498206
0.9999999999999999
0.9701425001453318
0.9999999999999999
1.0
0.8966109552498206
0.9999999999999999
1.0
0.9701425001453318
0.9999999999999999
0.9999999999999999
0.9607689228305228
1.0
0.9999999999999999
0.9999999999999999
0.9999999999999999
0.9999999999999999
0.9999999999999999
0.9999999999999999
0.9999999999999999
0.9999999999999999
0.9999999999999999
1.0
0.9701425001453318
0.9701425001453318
0.9999999999999999
0.9999999999999999
0.9701425001453318
0.9999999999999999
0.9999999999999999
1.0
0.960768922830523
1.0
1.0
1.0
0.9486832980505137
0.960768922830523
0.9999999999999999
0.9999999999999999
0.9701425001453318
1.0
0.9701425001453318
1.0
0.9701425001453318
0.9999999999999999
0.9733285267845754
0.960768922830523
0.9999999999999999
1.0
1.0
0.9999999999999999
1.0
1.0
0.9999999999999999
0.9733285267845754
0.9701425001453318
0.9999999999999999
0.9999999999999999
0.9701425001453318
1.0
0.9701425001453318
1.0
1.0
0.9701425001453318
0.960768922830523
1.0
0.9999999999999999
0.9999999999999999
0.9847319278346619
1.0
0.9701425001453318
1.0
0.9999999999999999
0.9607689228305228
0.9999999999999999
0.9701425001453318
0.9701425001453318
0.9701425001453318
1.0
0.9701425001453318
0.9999999999999999
0.9701425001453318
1.0
1.0
0.9999999999999999
0.9701425001453318
0.9701425001453318
0.8966109552498206
0.960768922830523
0.9999999999999999
0.9701425001453318
0.9733285267845754
0.9701425001453318
0.9701425001453318
0.9999999999999999
0.9701425001453318
0.9733285267845754
1.0
1.0
0.9999999999999999
0.9607689228305228
0.9701425001453318
0.9701425001453318
0.9999999999999999
0.9999999999999999
0.9701425001453318
0.9701425001453318
0.9607689228305228
0.9701425001453318
0.9999999999999999
1.0
1.0
0.9999999999999999
1.0
0.9847319278346619
0.9701425001453318
0.9607689228305228
0.9999999999999999
0.9701425001453318
0.9999999999999999
0.9999999999999999
0.9701425001453318
1.0
0.9701425001453318
0.9733285267845754
0.9701425001453318
0.9607689228305228
1.0
0.9701425001453318
0.9999999999999999
0.9999999999999999
0.9999999999999999
0.9701425001453318
0.9607689228305228
0.9701425001453318
1.0
0.9701425001453318
1.0
0.9999999999999999
0.9999999999999999
0.9999999999999999
0.9847319278346619
0.9733285267845754
1.0
0.9999999999999999
0.9701425001453318
0.9999999999999999
1.0
0.9701425001453318
0.9607689228305228
0.9486832980505137
0.9701425001453318
0.9607689228305228
0.9701425001453318
0.9701425001453318
0.9847319278346619
0.9607689228305228
0.9999999999999999
1.0
0.9999999999999999
0.9701425001453318
0.9999999999999999
1.0
1.0
0.8966109552498206
0.9701425001453318
0.9701425001453318
0.9999999999999999
0.9999999999999999
0.9701425001453318
1.0
1.0
0.9999999999999999
0.9486832980505137
0.9999999999999999
0.9701425001453318
1.0
0.9999999999999999
0.9999999999999999
0.9701425001453318
1.0
0.9701425001453318
0.9701425001453318
0.9701425001453318
0.9486832980505137
0.9486832980505137
0.9999999999999998
0.9486832980505137
0.8966109552498206
0.9701425001453318
0.9607689228305228
1.0
1.0
1.0
0.9486832980505137
0.9701425001453318
1.0
0.9182191382286217
1.0
0.9999999999999999
1.0
0.9999999999999999
0.9182191382286217
0.9701425001453318
1.0
0.9999999999999999
1.0
0.9701425001453318
0.9701425001453318
0.9999999999999999
0.9701425001453318
0.9701425001453318
0.9701425001453318
0.9999999999999999
1.0
0.9999999999999999
0.9999999999999999
0.9701425001453318
0.9701425001453318
0.9701425001453318
0.9999999999999999
0.9999999999999999
0.9999999999999999
0.9701425001453318
0.9999999999999999
0.9701425001453318
0.9701425001453318
0.9701425001453318
0.9486832980505137
0.9701425001453318
1.0
0.9999999999999999
0.9701425001453318
1.0
0.9701425001453318
0.9999999999999999
1.0
0.9733285267845754
1.0
0.9701425001453318
0.9999999999999999
0.9999999999999999
0.8791278938007466
0.9701425001453318
0.9999999999999999
0.9701425001453318
0.9999999999999999
1.0
0.9701425001453318
0.9701425001453318
1.0
1.0
0.9999999999999999
0.9999999999999999
0.9999999999999999
0.9999999999999999
0.9999999999999999
0.9607689228305228
0.9999999999999999
0.9701425001453318
0.9999999999999999
0.9701425001453318
1.0
0.9999999999999999
1.0
0.9999999999999999
1.0
0.9999999999999999
0.960768922830523
0.9701425001453318
1.0
0.8966109552498206
1.0
0.9999999999999999
0.9607689228305228
0.9999999999999999
1.0
0.9701425001453318
0.9999999999999999
1.0
1.0
1.0
0.9701425001453318
0.9999999999999999
0.9701425001453318
0.9607689228305228
1.0
1.0
1.0
1.0
0.8966109552498206
1.0
1.0
0.9999999999999999
1.0
1.0
0.8865926413116155
1.0
0.9999999999999999
0.9999999999999999
0.9607689228305228
1.0
0.9999999999999999
0.9486832980505137
0.9182191382286217
0.9733285267845754
0.9486832980505137
0.9486832980505137
0.9999999999999999
1.0
0.9701425001453318
0.9701425001453318
0.9607689228305228
0.9701425001453318
0.9701425001453318
0.9607689228305228
0.9999999999999999
0.9999999999999999
0.9999999999999999
0.9999999999999999
0.9801960588196067
0.9999999999999999
0.9701425001453318
0.9701425001453318
0.9701425001453318
0.9999999999999999
1.0
0.9999999999999999
1.0
0.9701425001453318
0.9999999999999999
0.9701425001453318
0.9607689228305228
0.9607689228305228
0.8966109552498206
0.9701425001453318
0.9999999999999999
1.0
0.9999999999999999
1.0
0.9701425001453318
0.9701425001453318
1.0
0.9701425001453318
0.9701425001453318
1.0
0.9701425001453318
0.9701425001453318
0.9999999999999999
0.9999999999999999
0.9847319278346619
0.9607689228305228
0.9701425001453318
1.0
0.9999999999999999
0.9701425001453318
1.0
0.8966109552498206
0.9701425001453318
0.9701425001453318
0.9701425001453318
0.960768922830523
0.9607689228305228
1.0
1.0
1.0
0.9701425001453318
0.9999999999999999
0.9999999999999999
0.9486832980505137
0.9701425001453318
0.9701425001453318
0.9701425001453318
0.9701425001453318
0.9999999999999999
1.0
0.9999999999999999
0.9999999999999999
0.9999999999999999
0.9701425001453318
0.9701425001453318
0.9701425001453318
1.0
0.9701425001453318
1.0
0.9701425001453318
0.9999999999999999
0.9999999999999999
0.9701425001453318
0.9733285267845754
1.0
1.0
0.9733285267845754
1.0
0.9999999999999999
0.9701425001453318
0.9999999999999999
0.9511897312113419
0.9701425001453318
0.9701425001453318
1.0
1.0
0.9607689228305228
1.0
1.0
1.0
1.0
0.9607689228305228
0.9701425001453318
0.9486832980505137
1.0
0.9999999999999999
1.0
0.9701425001453318
1.0
1.0
0.9607689228305228
0.9999999999999999
0.9701425001453318
1.0
0.9999999999999999
0.9999999999999999
1.0
0.9701425001453318
0.9701425001453318
0.8966109552498206
1.0
0.9999999999999999
0.960768922830523
0.9701425001453318
1.0
0.9999999999999999
0.9607689228305228
0.9701425001453318
1.0
0.9999999999999999
0.9701425001453318
1.0
0.9999999999999999
0.9999999999999999
0.9999999999999999
0.9999999999999999
0.9999999999999999
0.9607689228305228
0.9701425001453318
0.9701425001453318
0.9701425001453318
0.9999999999999999
0.9999999999999999
0.9999999999999999
0.9701425001453318
1.0
