0.9354143466934853
0.9354143466934853
0.9093531090412993
0.9093531090412993
0.9354143466934853
0.90748521297303
0.90748521297303
0.7053867426838487
1.0
1.0
0.9066928292470476
0.90748521297303
1.0
0.9354143466934853
0.8770580193070292
0.90748521297303
0.9354143466934853
0.9354143466934853
0.90748521297303
1.0
0.8089377861617925
0.90748521297303
0.8959786703810407
0.9354143466934853
0.9093531090412993
1.0
0.8651809126974003
0.9354143466934853
0.90748521297303
0.90748521297303
0.8651809126974003
0.9354143466934853
1.0
0.9128709291752769
0.9354143466934853
1.0
0.9354143466934853
0.9354143466934853
0.8770580193070292
0.90748521297303
0.90748521297303
0.9354143466934853
0.8804087784801334
0.9354143466934853
0.9354143466934853
0.8770580193070292
0.9093531090412993
0.8959786703810407
1.0
0.939336436627724
1.0
1.0
1.0
0.90748521297303
0.90748521297303
0.9354143466934853
0.8770580193070292
0.8804087784801334
0.90748521297303
0.9354143466934853
0.9093531090412993
0.9066928292470476
0.8770580193070292
0.90748521297303
0.9354143466934853
0.9354143466934853
0.90748521297303
1.0
0.8804087784801334
0.90748521297303
0.9354143466934853
0.90748521297303
1.0
0.9354143466934853
0.9354143466934853
0.9354143466934853
0.90748521297303
1.0
1.0
0.8770580193070292
0.90748521297303
0.90748521297303
0.90748521297303
0.8804087784801334
0.9354143466934853
0.9093531090412993
1.0
1.0
0.8006407690254357
0.90748521297303
0.8770580193070292
0.90748521297303
0.9354143466934853
0.90748521297303
0.8770580193070292
0.9354143466934853
0.9354143466934853
1.0
0.9354143466934853
0.9354143466934853
0.90748521297303
0.9354143466934853
1.0
0.90748521297303
0.9354143466934853
1.0
1.0
1.0
0.9354143466934853
0.9128709291752769
0.9354143466934853
0.90748521297303
0.90748521297303
0.9354143466934853
0.9354143466934853
0.9354143466934853
1.0
0.90748521297303
0.8770580193070292
1.0
0.8651809126974003
0.9354143466934853
0.9354143466934853
0.9354143466934853
0.8651809126974003
0.9354143466934853
0.90748521297303
1.0
0.8770580193070292
0.960768922830523
1.0
0.90748521297303
0.9354143466934853
0.90748521297303
0.9128709291752769
0.9354143466934853
1.0
0.9354143466934853
0.9093531090412993
0.90748521297303
0.9354143466934853
0.9128709291752769
0.9354143466934853
1.0
0.8770580193070292
1.0
0.8804087784801334
0.90748521297303
1.0
1.0
0.9354143466934853
0.9354143466934853
0.9354143466934853
0.90748521297303
1.0
0.9354143466934853
0.8770580193070292
0.9354143466934853
0.9354143466934853
0.9066928292470476
0.9354143466934853
1.0
0.8959786703810407
1.0
0.90748521297303
0.90748521297303
0.8770580193070292
0.9354143466934853
0.8959786703810407
0.8770580193070292
0.90748521297303
0.90748521297303
0.90748521297303
0.9354143466934853
0.8959786703810407
0.9354143466934853
0.90748521297303
0.90748521297303
0.9354143466934853
1.0
1.0
0.9354143466934853
0.90748521297303
0.9354143466934853
0.9354143466934853
0.90748521297303
0.9354143466934853
0.8770580193070292
0.9354143466934853
0.90748521297303
0.8959786703810407
0.9354143466934853
0.8770580193070292
0.8770580193070292
0.9354143466934853
0.90748521297303
1.0
0.9354143466934853
0.9354143466934853
1.0
0.90748521297303
0.8804087784801334
0.8770580193070292
0.9354143466934853
1.0
0.90748521297303
1.0
0.8089377861617925
1.0
0.90748521297303
0.90748521297303
0.90748521297303
1.0
0.9354143466934853
0.9354143466934853
0.90748521297303
0.8959786703810407
0.9354143466934853
1.0
0.90748521297303
0.8770580193070292
0.8804087784801334
1.0
0.9354143466934853
0.8770580193070292
1.0
0.9354143466934853
0.8770580193070292
0.9354143466934853
0.9354143466934853
0.9354143466934853
1.0
0.9354143466934853
0.9682458365518543
0.9354143466934853
0.9354143466934853
1.0
1.0
0.9128709291752769
0.9354143466934853
0.8959786703810407
0.90748521297303
0.7053867426838487
0.9354143466934853
1.0
0.9354143466934853
0.9093531090412993
0.9354143466934853
0.8770580193070292
0.8770580193070292
1.0
0.8959786703810407
0.9354143466934853
0.90748521297303
1.0
1.0
0.90748521297303
0.8651809126974003
0.90748521297303
0.90748521297303
0.90748521297303
1.0
0.90748521297303
1.0
0.90748521297303
0.9354143466934853
1.0
0.9354143466934853
1.0
0.9682458365518543
1.0
0.90748521297303
0.90748521297303
0.9354143466934853
0.90748521297303
0.9354143466934853
0.9354143466934853
1.0
0.9128709291752769
0.8770580193070292
0.9354143466934853
0.8770580193070292
0.9354143466934853
0.90748521297303
0.8651809126974003
1.0
0.90748521297303
0.9354143466934853
0.9354143466934853
1.0
0.90748521297303
0.9682458365518543
0.9354143466934853
0.8651809126974003
1.0
0.9066928292470476
0.90748521297303
0.9354143466934853
0.90748521297303
1.0
1.0
0.9354143466934853
0.9354143466934853
0.9354143466934853
1.0
0.90748521297303
0.8651809126974003
0.9354143466934853
0.8959786703810407
1.0
0.9354143466934853
0.9354143466934853
0.90748521297303
0.9354143466934853
0.9354143466934853
1.0
0.9354143466934853
0.90748521297303
0.8770580193070292
0.9354143466934853
1.0
0.90748521297303
0.8804087784801334
0.9354143466934853
0.90748521297303
1.0
0.90748521297303
0.9066928292470476
1.0
0.8770580193070292
0.90748521297303
0.9354143466934853
0.90748521297303
0.90748521297303
1.0
0.9354143466934853
0.8959786703810407
0.8959786703810407
1.0
0.90748521297303
1.0
0.9354143466934853
0.960768922830523
0.9354143466934853
1.0
0.9354143466934853
0.9354143466934853
0.960768922830523
0.9354143466934853
0.90748521297303
0.8770580193070292
1.0
1.0
0.9354143466934853
0.8770580193070292
0.90748521297303
0.8770580193070292
0.90748521297303
0.90748521297303
0.8770580193070292
0.90748521297303
0.9354143466934853
0.9354143466934853
0.9354143466934853
1.0
0.9354143466934853
0.9354143466934853
0.90748521297303
0.90748521297303
0.90748521297303
0.8770580193070292
0.90748521297303
1.0
0.8804087784801334
1.0
0.90748521297303
0.90748521297303
1.0
1.0
1.0
0.90748521297303
0.9354143466934853
0.9354143466934853
0.90748521297303
0.9066928292470476
1.0
0.9066928292470476
0.8651809126974003
1.0
0.90748521297303
0.90748521297303
0.90748521297303
0.8770580193070292
0.9354143466934853
0.90748521297303
0.90748521297303
0.90748521297303
0.8651809126974003
0.9354143466934853
0.90748521297303
1.0
0.90748521297303
0.90748521297303
0.90748521297303
0.90748521297303
0.90748521297303
0.9354143466934853
1.0
0.8770580193070292
0.9354143466934853
1.0
0.90748521297303
0.90748521297303
0.9354143466934853
0.9354143466934853
0.8346223261119858
0.9354143466934853
0.90748521297303
1.0
0.90748521297303
0.8804087784801334
0.90748521297303
0.90748521297303
0.90748521297303
0.9354143466934853
0.90748521297303
0.8770580193070292
0.8770580193070292
1.0
1.0
0.8651809126974003
0.90748521297303
0.9354143466934853
0.90748521297303
0.90748521297303
0.8770580193070292
0.9354143466934853
1.0
0.9354143466934853
0.9128709291752769
0.90748521297303
0.9354143466934853
0.90748521297303
0.9354143466934853
0.90748521297303
0.90748521297303
0.90748521297303
1.0
1.0
0.8770580193070292
0.9354143466934853
1.0
0.90748521297303
0.8770580193070292
0.90748521297303
0.8770580193070292
0.9093531090412993
0.8770580193070292
0.9354143466934853
1.0
0.90748521297303
0.9128709291752769
0.8770580193070292
1.0
0.8770580193070292
1.0
0.90748521297303
0.90748521297303
0.90748521297303
1.0
1.0
0.9354143466934853
0.9354143466934853
0.90748521297303
0.8449079617742183
0.8959786703810407
0.7509392614826383
0.9128709291752769
0.9354143466934853
0.90748521297303
0.9128709291752769
1.0
0.9354143466934853
0.8770580193070292
0.9354143466934853
0.90748521297303
0.90748521297303
0.90748521297303
0.9354143466934853
1.0
0.9128709291752769
0.9354143466934853
0.90748521297303
0.8651809126974003
0.8804087784801334
1.0
0.90748521297303
0.9354143466934853
1.0
0.90748521297303
0.9128709291752769
1.0
0.90748521297303
1.0
0.8651809126974003
1.0
0.90748521297303
0.6713795268275254
0.9354143466934853
0.9354143466934853
0.9354143466934853
1.0
0.90748521297303
0.90748521297303
0.90748521297303
0.9354143466934853
0.9354143466934853
0.8804087784801334
0.90748521297303
0.90748521297303
0.9066928292470476
0.9354143466934853
0.9354143466934853
0.9354143466934853
0.9354143466934853
0.9354143466934853
0.90748521297303
0.90748521297303
0.90748521297303
0.9354143466934853
0.90748521297303
0.90748521297303
0.8959786703810407
1.0
0.90748521297303
1.0
0.9354143466934853
0.90748521297303
0.9354143466934853
0.9354143466934853
0.8770580193070292
0.9354143466934853
0.9354143466934853
0.90748521297303
0.9354143466934853
0.9354143466934853
0.90748521297303
0.90748521297303
0.8804087784801334
0.9354143466934853
0.90748521297303
0.9354143466934853
1.0
0.8804087784801334
0.9354143466934853
1.0
0.90748521297303
0.9354143466934853
0.9354143466934853
0.8770580193070292
1.0
0.9354143466934853
0.9354143466934853
0.9354143466934853
0.9354143466934853
0.9354143466934853
0.9354143466934853
0.9354143466934853
0.9354143466934853
0.9354143466934853
1.0
0.90748521297303
0.90748521297303
0.9354143466934853
0.9354143466934853
0.90748521297303
0.9354143466934853
0.9354143466934853
1.0
0.9093531090412993
1.0
1.0
1.0
0.8959786703810407
0.960768922830523
0.9354143466934853
0.9354143466934853
0.90748521297303
1.0
0.90748521297303
1.0
0.90748521297303
0.9354143466934853
0.8651809126974003
0.9093531090412993
0.9354143466934853
1.0
1.0
0.9354143466934853
1.0
1.0
0.9354143466934853
0.8651809126974003
0.90748521297303
0.9354143466934853
0.9354143466934853
0.90748521297303
1.0
0.90748521297303
1.0
0.9128709291752769
0.90748521297303
0.960768922830523
1.0
0.9354143466934853
0.9354143466934853
0.9066928292470476
1.0
0.90748521297303
1.0
0.9354143466934853
0.8770580193070292
0.9354143466934853
0.90748521297303
0.90748521297303
0.90748521297303
1.0
0.90748521297303
0.9354143466934853
0.90748521297303
1.0
1.0
0.9354143466934853
0.90748521297303
0.90748521297303
0.8804087784801334
0.9093531090412993
0.9354143466934853
0.90748521297303
0.8651809126974003
0.90748521297303
0.90748521297303
0.9354143466934853
0.90748521297303
0.8346223261119858
1.0
0.9128709291752769
0.9354143466934853
0.8770580193070292
0.90748521297303
0.90748521297303
0.9354143466934853
0.9354143466934853
0.90748521297303
0.90748521297303
0.8770580193070292
0.90748521297303
0.9354143466934853
1.0
1.0
0.9354143466934853
1.0
0.9066928292470476
0.90748521297303
0.8770580193070292
0.9354143466934853
0.90748521297303
0.9354143466934853
0.9354143466934853
0.90748521297303
1.0
0.90748521297303
0.8651809126974003
0.90748521297303
0.8770580193070292
1.0
0.90748521297303
0.9354143466934853
0.9354143466934853
0.9354143466934853
0.90748521297303
0.8770580193070292
0.90748521297303
1.0
0.90748521297303
1.0
0.9354143466934853
0.9354143466934853
0.9354143466934853
0.9066928292470476
0.8651809126974003
1.0
0.9354143466934853
0.90748521297303
0.9354143466934853
1.0
0.90748521297303
0.8770580193070292
0.8959786703810407
0.90748521297303
0.8770580193070292
0.90748521297303
0.90748521297303
0.9066928292470476
0.8770580193070292
0.9354143466934853
1.0
0.9354143466934853
0.90748521297303
0.9354143466934853
1.0
1.0
0.8804087784801334
0.90748521297303
0.90748521297303
0.9354143466934853
0.9354143466934853
0.90748521297303
1.0
1.0
0.9354143466934853
0.8959786703810407
0.9354143466934853
0.90748521297303
1.0
0.9354143466934853
0.9354143466934853
0.90748521297303
1.0
0.90748521297303
0.90748521297303
0.90748521297303
0.8959786703810407
0.8959786703810407
0.9999999999999998
0.8959786703810407
0.8804087784801334
0.90748521297303
0.8770580193070292
1.0
1.0
1.0
0.8959786703810407
0.90748521297303
1.0
0.8449079617742183
1.0
0.9354143466934853
1.0
0.9354143466934853
0.8449079617742183
0.90748521297303
1.0
0.9354143466934853
1.0
0.90748521297303
0.90748521297303
0.9354143466934853
0.90748521297303
0.90748521297303
0.90748521297303
0.9354143466934853
1.0
0.9354143466934853
0.9354143466934853
0.90748521297303
0.90748521297303
0.90748521297303
0.9354143466934853
0.9354143466934853
0.9354143466934853
0.90748521297303
0.9354143466934853
0.90748521297303
0.90748521297303
0.90748521297303
0.8959786703810407
0.90748521297303
1.0
0.9354143466934853
0.90748521297303
1.0
0.90748521297303
0.9354143466934853
1.0
0.8651809126974003
1.0
0.90748521297303
0.9354143466934853
0.9354143466934853
0.8089377861617925
0.90748521297303
0.9354143466934853
0.90748521297303
0.9354143466934853
1.0
0.90748521297303
0.90748521297303
1.0
1.0
0.9354143466934853
0.9354143466934853
0.9354143466934853
0.9354143466934853
0.9354143466934853
0.8770580193070292
0.9354143466934853
0.90748521297303
0.9354143466934853
0.90748521297303
1.0
0.9354143466934853
1.0
0.9354143466934853
1.0
0.9354143466934853
0.9093531090412993
0.90748521297303
1.0
0.8804087784801334
1.0
0.9354143466934853
0.8770580193070292
0.9354143466934853
1.0
0.90748521297303
0.9354143466934853
1.0
1.0
1.0
0.90748521297303
0.9354143466934853
0.90748521297303
0.8770580193070292
1.0
1.0
1.0
1.0
0.8804087784801334
1.0
1.0
0.9354143466934853
1.0
1.0
0.8222064167913467
1.0
0.9354143466934853
0.9354143466934853
0.8770580193070292
1.0
0.9354143466934853
0.8959786703810407
0.8449079617742183
0.8651809126974003
0.8959786703810407
0.8959786703810407
0.9354143466934853
1.0
0.90748521297303
0.90748521297303
0.8770580193070292
0.90748521297303
0.90748521297303
0.8770580193070292
0.9354143466934853
0.9354143466934853
0.9354143466934853
0.9354143466934853
0.939336436627724
0.9354143466934853
0.90748521297303
0.90748521297303
0.90748521297303
0.9354143466934853
1.0
0.9354143466934853
1.0
0.90748521297303
0.9354143466934853
0.90748521297303
0.8770580193070292
0.8770580193070292
0.8804087784801334
0.90748521297303
0.9354143466934853
1.0
0.9354143466934853
1.0
0.90748521297303
0.90748521297303
1.0
0.90748521297303
0.90748521297303
1.0
0.90748521297303
0.90748521297303
0.9354143466934853
0.9354143466934853
0.9066928292470476
0.8770580193070292
0.90748521297303
1.0
0.9354143466934853
0.90748521297303
1.0
0.8804087784801334
0.90748521297303
0.90748521297303
0.90748521297303
0.9093531090412993
0.8770580193070292
1.0
1.0
1.0
0.90748521297303
0.9354143466934853
0.9354143466934853
0.8959786703810407
0.90748521297303
0.90748521297303
0.90748521297303
0.90748521297303
0.9354143466934853
1.0
0.9354143466934853
0.9354143466934853
0.9354143466934853
0.90748521297303
0.90748521297303
0.90748521297303
0.9128709291752769
0.90748521297303
1.0
0.90748521297303
0.9354143466934853
0.9354143466934853
0.90748521297303
0.8651809126974003
1.0
1.0
0.8651809126974003
1.0
0.9354143466934853
0.90748521297303
0.9354143466934853
0.7509392614826383
0.90748521297303
0.90748521297303
1.0
1.0
0.8770580193070292
1.0
1.0
1.0
1.0
0.8770580193070292
0.90748521297303
0.8959786703810407
1.0
0.9354143466934853
1.0
0.90748521297303
1.0
1.0
0.8770580193070292
0.9354143466934853
0.90748521297303
1.0
0.9354143466934853
0.9354143466934853
1.0
0.90748521297303
0.90748521297303
0.8804087784801334
1.0
0.9354143466934853
0.9093531090412993
0.90748521297303
1.0
0.9354143466934853
0.8770580193070292
0.90748521297303
1.0
0.9354143466934853
0.90748521297303
1.0
0.9354143466934853
0.9354143466934853
0.9354143466934853
0.9354143466934853
0.9354143466934853
0.8770580193070292
0.90748521297303
0.90748521297303
0.90748521297303
0.9354143466934853
0.9354143466934853
0.9354143466934853
0.90748521297303
1.0
