0.9999999999999999 0.95577900872195
0.9999999999999999 0.95577900872195
0.7721099961494128 0.8335596228867782
0.7721099961494128 0.8335596228867782
0.9999999999999999 0.95577900872195
0.9999999999999999 0.95577900872195
0.9999999999999999 0.95577900872195
0.9258200997725514 0.8696801090547434
1.0 0.9626509401538988
1.0 0.9626509401538988
0.9459053029269172 0.9177999171377654
0.9999999999999999 0.95577900872195
1.0 0.9626509401538988
0.9999999999999999 0.95577900872195
1.0 0.9462555234916724
0.9999999999999999 0.95577900872195
0.9999999999999999 0.95577900872195
0.9999999999999999 0.95577900872195
0.9999999999999999 0.95577900872195
0.9999999999999999 0.95577900872195
0.8918825850158447 0.8714923237783571
0.9999999999999999 0.95577900872195
0.9459053029269172 0.9177999171377654
0.9999999999999999 0.95577900872195
0.7721099961494128 0.8428783420102872
1.0 0.9626509401538988
0.9459053029269172 0.9177999171377654
0.9999999999999999 0.95577900872195
0.9999999999999999 0.95577900872195
0.9999999999999999 0.95577900872195
0.9459053029269172 0.9177999171377654
0.9999999999999999 0.95577900872195
0.9999999999999999 0.95577900872195
0.9888264649460884 0.949118580226488
1.0 0.9160153802345845
0.9999999999999999 0.95577900872195
0.9999999999999999 0.95577900872195
0.9999999999999999 0.95577900872195
1.0 0.9462555234916724
0.9999999999999999 0.95577900872195
0.9999999999999999 0.95577900872195
0.9999999999999999 0.95577900872195
0.9653072991634228 0.8854693863756428
0.9999999999999999 0.95577900872195
0.9999999999999999 0.95577900872195
1.0 0.9462555234916724
0.7721099961494128 0.8428783420102872
0.9459053029269172 0.9177999171377654
0.9999999999999999 0.95577900872195
0.8401680504168058 0.8185087293043799
1.0 0.9626509401538988
1.0 0.9626509401538988
1.0 0.9626509401538988
0.9999999999999999 0.95577900872195
0.9999999999999999 0.95577900872195
0.9999999999999999 0.95577900872195
1.0 0.9462555234916724
0.9653072991634228 0.8854693863756428
0.9999999999999999 0.95577900872195
0.9999999999999999 0.95577900872195
0.7721099961494128 0.8335596228867782
0.9459053029269172 0.9177999171377654
1.0 0.9462555234916724
0.9999999999999999 0.95577900872195
0.9999999999999999 0.95577900872195
0.9999999999999999 0.95577900872195
0.9999999999999999 0.95577900872195
1.0 0.9626509401538988
0.9653072991634228 0.8854693863756428
0.9999999999999999 0.95577900872195
0.9999999999999999 0.95577900872195
0.9999999999999999 0.95577900872195
1.0 1.0000000000000002
0.9999999999999999 0.95577900872195
0.9999999999999999 0.95577900872195
0.9999999999999999 0.95577900872195
0.9999999999999999 0.95577900872195
0.9999999999999999 0.95577900872195
0.9999999999999999 0.95577900872195
1.0 0.9462555234916724
0.9999999999999999 0.95577900872195
0.9999999999999999 0.95577900872195
0.9999999999999999 0.95577900872195
0.9653072991634228 0.8854693863756428
0.9999999999999999 0.95577900872195
0.7721099961494128 0.8335596228867781
1.0 0.9626509401538988
1.0 0.9626509401538988
0.9013878188659974 0.8580800077875079
0.9999999999999999 0.95577900872195
1.0 0.9462555234916724
0.9999999999999999 0.95577900872195
0.9999999999999999 0.95577900872195
0.9999999999999999 0.95577900872195
1.0 0.9462555234916724
0.9999999999999999 0.95577900872195
0.9999999999999999 0.95577900872195
1.0 0.9626509401538988
0.9999999999999999 0.95577900872195
0.9999999999999999 0.95577900872195
0.9999999999999999 0.95577900872195
0.9999999999999999 0.95577900872195
0.9999999999999999 0.95577900872195
0.9999999999999999 0.95577900872195
0.9999999999999999 0.95577900872195
1.0 0.9626509401538988
0.9999999999999999 0.95577900872195
1.0 0.9683296637314885
0.9999999999999999 0.95577900872195
0.9888264649460884 0.949118580226488
0.9999999999999999 0.95577900872195
0.9999999999999999 0.95577900872195
0.9999999999999999 0.95577900872195
0.9999999999999999 0.95577900872195
0.9999999999999999 0.95577900872195
0.9999999999999999 0.95577900872195
0.9999999999999999 0.95577900872195
0.9999999999999999 0.95577900872195
1.0 0.9462555234916724
0.9999999999999999 0.95577900872195
0.9459053029269172 0.9177999171377654
0.9999999999999999 0.95577900872195
0.9999999999999999 0.95577900872195
0.9999999999999999 0.95577900872195
0.9459053029269172 0.9177999171377654
0.9999999999999999 0.95577900872195
0.9999999999999999 0.95577900872195
0.9999999999999999 0.95577900872195
1.0 0.9462555234916724
1.0 1.0000000000000002
0.9999999999999999 0.95577900872195
0.9999999999999999 0.95577900872195
0.9999999999999999 0.95577900872195
0.9999999999999999 0.95577900872195
0.9888264649460884 0.949118580226488
0.9999999999999999 0.95577900872195
0.9999999999999999 0.95577900872195
0.9999999999999999 0.95577900872195
0.7721099961494128 0.8335596228867782
0.9999999999999999 0.95577900872195
0.9999999999999999 0.95577900872195
0.9888264649460884 0.949118580226488
0.9999999999999999 0.95577900872195
1.0 0.9626509401538988
1.0 0.9462555234916724
0.9999999999999999 0.95577900872195
0.9653072991634228 0.8854693863756428
0.9999999999999999 0.95577900872195
1.0 0.9683296637314885
1.0 0.9626509401538988
0.9999999999999999 0.95577900872195
0.9999999999999999 0.95577900872195
0.9999999999999999 0.95577900872195
0.9999999999999999 0.95577900872195
0.9999999999999999 0.95577900872195
0.9999999999999999 0.95577900872195
1.0 0.9462555234916724
0.9999999999999999 0.95577900872195
0.9999999999999999 0.95577900872195
0.9459053029269172 0.9177999171377654
0.9999999999999999 0.95577900872195
0.9999999999999999 0.95577900872195
0.9459053029269172 0.9177999171377654
1.0 0.9626509401538988
0.9999999999999999 0.95577900872195
0.9999999999999999 0.95577900872195
1.0 0.9462555234916724
0.9999999999999999 0.95577900872195
0.9459053029269172 0.9177999171377654
1.0 0.9462555234916724
0.9999999999999999 0.95577900872195
0.9999999999999999 0.95577900872195
0.9999999999999999 0.95577900872195
0.9999999999999999 0.95577900872195
0.9459053029269172 0.9177999171377654
0.9999999999999999 0.95577900872195
0.9999999999999999 0.95577900872195
0.9999999999999999 0.95577900872195
0.9999999999999999 0.95577900872195
1.0 0.9626509401538988
1.0 0.9683296637314885
0.9999999999999999 0.95577900872195
0.9999999999999999 0.95577900872195
0.9999999999999999 0.95577900872195
0.9999999999999999 0.95577900872195
0.9999999999999999 0.95577900872195
0.9999999999999999 0.95577900872195
1.0 0.9462555234916724
0.9999999999999999 0.95577900872195
0.9999999999999999 0.95577900872195
0.9459053029269172 0.9177999171377654
0.9999999999999999 0.95577900872195
1.0 0.9462555234916724
1.0 0.9462555234916724
0.9999999999999999 0.95577900872195
0.9999999999999999 0.95577900872195
1.0 0.9626509401538988
0.9999999999999999 0.95577900872195
0.9999999999999999 0.95577900872195
1.0 1.0000000000000002
0.9999999999999999 0.95577900872195
0.9653072991634228 0.8854693863756428
1.0 0.9462555234916724
0.9999999999999999 0.95577900872195
0.9999999999999999 0.95577900872195
0.9999999999999999 0.95577900872195
1.0 0.9626509401538988
0.9354143466934854 0.87734051691922
0.9999999999999999 0.95577900872195
0.9999999999999999 0.95577900872195
0.9999999999999999 0.95577900872195
0.9999999999999999 0.95577900872195
1.0 0.9626509401538988
0.9999999999999999 0.95577900872195
0.9999999999999999 0.95577900872195
0.9999999999999999 0.95577900872195
0.9459053029269172 0.9177999171377654
0.9999999999999999 0.95577900872195
0.9999999999999999 0.95577900872195
0.9999999999999999 0.95577900872195
1.0 0.9462555234916724
0.9653072991634228 0.8854693863756428
1.0 0.9626509401538988
0.9999999999999999 0.95577900872195
1.0 0.9462555234916724
1.0 0.9626509401538988
0.9999999999999999 0.95577900872195
1.0 0.9462555234916724
0.9999999999999999 0.95577900872195
0.9999999999999999 0.95577900872195
0.9999999999999999 0.95577900872195
0.9999999999999999 0.95577900872195
0.9999999999999999 0.95577900872195
0.7637626158259734 0.7855126332573408
0.9999999999999999 0.95577900872195
0.9999999999999999 0.95577900872195
0.9999999999999999 0.95577900872195
1.0 0.9626509401538988
0.9888264649460884 0.949118580226488
0.9999999999999999 0.95577900872195
0.9459053029269172 0.9177999171377654
0.9999999999999999 0.95577900872195
0.9258200997725514 0.8696801090547434
0.9999999999999999 0.95577900872195
0.9999999999999999 0.95577900872195
0.9999999999999999 0.95577900872195
0.7721099961494128 0.8335596228867782
0.9999999999999999 0.95577900872195
1.0 0.9462555234916724
1.0 0.9462555234916724
1.0 1.0000000000000002
0.9459053029269172 0.9177999171377654
0.9999999999999999 0.95577900872195
0.9999999999999999 0.95577900872195
0.9999999999999999 0.95577900872195
1.0 0.9683296637314885
0.9999999999999999 0.95577900872195
0.9459053029269172 0.9177999171377654
0.9999999999999999 0.95577900872195
0.9999999999999999 0.95577900872195
0.9999999999999999 0.95577900872195
0.9999999999999999 0.95577900872195
0.9999999999999999 0.95577900872195
1.0 0.9626509401538988
0.9999999999999999 0.95577900872195
0.9999999999999999 0.95577900872195
1.0 0.9626509401538988
0.9999999999999999 0.95577900872195
1.0 0.9626509401538988
0.7637626158259734 0.7855126332573408
1.0 0.9626509401538988
0.9999999999999999 0.95577900872195
0.9999999999999999 0.95577900872195
0.9999999999999999 0.95577900872195
0.9999999999999999 0.95577900872195
0.9999999999999999 0.95577900872195
0.9999999999999999 0.95577900872195
0.9999999999999999 0.95577900872195
0.9753048303966929 0.9556189340787526
1.0 0.9462555234916724
0.9999999999999999 0.95577900872195
1.0 0.9462555234916724
1.0 0.9160153802345845
0.9999999999999999 0.95577900872195
0.9459053029269172 0.9177999171377654
0.9999999999999999 0.95577900872195
0.9999999999999999 0.95577900872195
0.9999999999999999 0.95577900872195
0.9999999999999999 0.95577900872195
0.9999999999999999 0.95577900872195
0.9999999999999999 0.95577900872195
0.7637626158259734 0.7855126332573408
0.9999999999999999 0.95577900872195
0.9459053029269172 0.9177999171377654
1.0 0.9683296637314885
0.9459053029269172 0.9177999171377654
0.9999999999999999 0.95577900872195
0.9999999999999999 0.95577900872195
0.9999999999999999 0.95577900872195
0.9999999999999999 0.95577900872195
1.0 0.9626509401538988
0.9999999999999999 0.95577900872195
0.9999999999999999 0.95577900872195
0.9999999999999999 0.95577900872195
1.0 0.9626509401538988
0.9999999999999999 0.95577900872195
0.9459053029269172 0.9177999171377654
0.9999999999999999 0.95577900872195
0.9459053029269172 0.9177999171377654
1.0 0.9626509401538988
0.9999999999999999 0.95577900872195
0.9999999999999999 0.95577900872195
0.9999999999999999 0.95577900872195
0.9999999999999999 0.95577900872195
0.9999999999999999 0.95577900872195
1.0 0.9626509401538988
0.9999999999999999 0.95577900872195
0.9999999999999999 0.95577900872195
1.0 0.9462555234916724
0.9999999999999999 0.95577900872195
1.0 0.9626509401538988
0.9999999999999999 0.95577900872195
0.9653072991634228 0.8854693863756428
0.9999999999999999 0.95577900872195
0.9999999999999999 0.95577900872195
0.9999999999999999 0.95577900872195
0.9999999999999999 0.95577900872195
0.9459053029269172 0.9177999171377654
1.0 0.9626509401538988
1.0 0.9462555234916724
0.9999999999999999 0.95577900872195
0.9999999999999999 0.95577900872195
0.9999999999999999 0.95577900872195
0.9999999999999999 0.95577900872195
1.0 0.9683296637314885
1.0 0.9160153802345845
0.9459053029269172 0.9177999171377654
0.9459053029269172 0.9177999171377654
1.0 0.9683296637314885
0.9999999999999999 0.95577900872195
0.9999999999999999 0.95577900872195
0.9999999999999999 0.95577900872195
1.0 1.0000000000000002
0.9999999999999999 0.95577900872195
0.9999999999999999 0.95577900872195
0.9999999999999999 0.95577900872195
0.9999999999999999 0.95577900872195
1.0 1.0000000000000002
0.9999999999999999 0.95577900872195
0.9999999999999999 0.95577900872195
1.0 0.9462555234916724
0.9999999999999999 0.95577900872195
1.0 0.9626509401538988
0.9999999999999999 0.95577900872195
1.0 0.9462555234916724
0.9999999999999999 0.95577900872195
1.0 0.9462555234916724
0.9999999999999999 0.95577900872195
0.9999999999999999 0.95577900872195
1.0 0.9462555234916724
0.9999999999999999 0.95577900872195
0.9999999999999999 0.95577900872195
0.9999999999999999 0.95577900872195
1.0 0.9160153802345845
1.0 0.9683296637314885
0.9999999999999999 0.95577900872195
0.9999999999999999 0.95577900872195
0.9999999999999999 0.95577900872195
0.9999999999999999 0.95577900872195
0.9999999999999999 0.95577900872195
1.0 0.9462555234916724
0.9999999999999999 0.95577900872195
0.9999999999999999 0.95577900872195
0.9653072991634228 0.8854693863756428
1.0 0.9626509401538988
0.9999999999999999 0.95577900872195
0.9999999999999999 0.95577900872195
0.9999999999999999 0.95577900872195
1.0 1.0000000000000002
1.0 1.0000000000000002
0.9999999999999999 0.95577900872195
0.9999999999999999 0.95577900872195
0.9999999999999999 0.95577900872195
0.9999999999999999 0.95577900872195
0.9459053029269172 0.9177999171377654
0.9999999999999999 0.95577900872195
0.9459053029269172 0.9177999171377654
0.9459053029269172 0.9177999171377654
1.0 0.9626509401538988
0.9999999999999999 0.95577900872195
0.9999999999999999 0.95577900872195
0.9999999999999999 0.95577900872195
1.0 0.9462555234916724
0.9999999999999999 0.95577900872195
0.9999999999999999 0.95577900872195
0.9999999999999999 0.95577900872195
0.9999999999999999 0.95577900872195
0.9459053029269172 0.9177999171377654
0.9999999999999999 0.95577900872195
0.9999999999999999 0.95577900872195
1.0 0.9626509401538988
0.9999999999999999 0.95577900872195
0.9999999999999999 0.95577900872195
0.9999999999999999 0.95577900872195
0.9999999999999999 0.95577900872195
0.9999999999999999 0.95577900872195
0.9999999999999999 0.95577900872195
1.0 0.9626509401538988
1.0 0.9462555234916724
0.9999999999999999 0.95577900872195
0.9999999999999999 0.95577900872195
0.9999999999999999 0.95577900872195
0.9999999999999999 0.95577900872195
0.9999999999999999 0.95577900872195
0.9999999999999999 0.95577900872195
0.9780192938436515 0.9025388365166086
0.9999999999999999 0.95577900872195
0.9999999999999999 0.95577900872195
1.0 0.9626509401538988
0.9999999999999999 0.95577900872195
0.9653072991634228 0.8854693863756428
0.9999999999999999 0.95577900872195
0.9999999999999999 0.95577900872195
0.9999999999999999 0.95577900872195
1.0 0.9160153802345845
0.9999999999999999 0.95577900872195
1.0 0.9462555234916724
1.0 0.9462555234916724
1.0 0.9626509401538988
1.0 0.9626509401538988
0.9459053029269172 0.9177999171377654
0.9999999999999999 0.95577900872195
0.9999999999999999 0.95577900872195
0.9999999999999999 0.95577900872195
0.9999999999999999 0.95577900872195
1.0 0.9462555234916724
0.9999999999999999 0.95577900872195
1.0 0.9683296637314885
0.9999999999999999 0.95577900872195
0.9888264649460884 0.949118580226488
0.9999999999999999 0.95577900872195
0.9999999999999999 0.95577900872195
0.9999999999999999 0.95577900872195
0.9999999999999999 0.95577900872195
0.9999999999999999 0.95577900872195
0.9999999999999999 0.95577900872195
0.9999999999999999 0.95577900872195
1.0 0.9626509401538988
1.0 0.9626509401538988
1.0 0.9462555234916724
0.9999999999999999 0.95577900872195
1.0 0.9626509401538988
0.9999999999999999 0.95577900872195
1.0 0.9462555234916724
0.9999999999999999 0.95577900872195
1.0 0.9462555234916724
0.7721099961494128 0.8335596228867782
1.0 0.9462555234916724
0.9999999999999999 0.95577900872195
0.9999999999999999 0.95577900872195
0.9999999999999999 0.95577900872195
1.0 0.9462555234916721
1.0 0.9462555234916724
1.0 0.9683296637314885
1.0 0.9462555234916724
1.0 0.9626509401538988
0.9999999999999999 0.95577900872195
0.9999999999999999 0.95577900872195
0.9999999999999999 0.95577900872195
0.9999999999999999 0.95577900872195
1.0 0.9683296637314885
0.9999999999999999 0.95577900872195
0.9999999999999999 0.95577900872195
0.9999999999999999 0.95577900872195
0.8918825850158447 0.8714923237783571
0.9459053029269172 0.9177999171377654
0.9354143466934854 0.9294601562396184
0.9888264649460884 0.949118580226488
0.9999999999999999 0.95577900872195
0.9999999999999999 0.95577900872195
1.0 0.9462555234916721
0.9999999999999999 0.95577900872195
0.9999999999999999 0.95577900872195
1.0 0.9462555234916724
0.9999999999999999 0.95577900872195
0.9999999999999999 0.95577900872195
0.9999999999999999 0.95577900872195
0.9999999999999999 0.95577900872195
0.9999999999999999 0.95577900872195
1.0 0.9626509401538988
1.0 0.9462555234916721
0.9999999999999999 0.95577900872195
0.9999999999999999 0.95577900872195
0.9459053029269172 0.9177999171377654
0.9653072991634228 0.8854693863756428
1.0 0.9626509401538988
0.9999999999999999 0.95577900872195
0.9999999999999999 0.95577900872195
1.0 0.9626509401538988
0.9999999999999999 0.95577900872195
1.0 0.9462555234916721
1.0 0.9626509401538988
0.9999999999999999 0.95577900872195
0.9999999999999999 0.95577900872195
0.9459053029269172 0.9177999171377654
1.0 0.9626509401538988
0.9999999999999999 0.95577900872195
0.8435273922869735 0.882188460419998
0.9999999999999999 0.95577900872195
0.9999999999999999 0.95577900872195
0.9999999999999999 0.95577900872195
0.9999999999999999 0.95577900872195
0.9999999999999999 0.95577900872195
0.9999999999999999 0.95577900872195
0.9999999999999999 0.95577900872195
0.9999999999999999 0.95577900872195
0.9999999999999999 0.95577900872195
0.9653072991634228 0.8854693863756428
0.9999999999999999 0.95577900872195
0.9999999999999999 0.95577900872195
0.9459053029269172 0.9177999171377654
0.9999999999999999 0.95577900872195
0.9999999999999999 0.95577900872195
0.9999999999999999 0.95577900872195
0.9999999999999999 0.95577900872195
0.9999999999999999 0.95577900872195
0.9999999999999999 0.95577900872195
0.9999999999999999 0.95577900872195
0.9999999999999999 0.95577900872195
0.9999999999999999 0.95577900872195
0.9999999999999999 0.95577900872195
0.9999999999999999 0.95577900872195
0.9459053029269172 0.9177999171377654
1.0 0.9626509401538988
0.9999999999999999 0.95577900872195
0.9999999999999999 0.95577900872195
0.9999999999999999 0.95577900872195
0.9999999999999999 0.95577900872195
0.9999999999999999 0.95577900872195
0.9999999999999999 0.95577900872195
1.0 0.9462555234916724
0.9999999999999999 0.95577900872195
0.9999999999999999 0.95577900872195
0.9999999999999999 0.95577900872195
0.9999999999999999 0.95577900872195
0.9999999999999999 0.95577900872195
0.9999999999999999 0.95577900872195
0.9999999999999999 0.95577900872195
0.9653072991634228 0.8854693863756428
0.9999999999999999 0.95577900872195
0.9999999999999999 0.95577900872195
0.9999999999999999 0.95577900872195
0.9999999999999999 0.95577900872195
0.9653072991634228 0.8854693863756428
0.9999999999999999 0.95577900872195
1.0 0.9626509401538988
0.9999999999999999 0.95577900872195
0.9999999999999999 0.95577900872195
0.9999999999999999 0.95577900872195
1.0 0.9462555234916724
1.0 0.9626509401538988
0.9999999999999999 0.95577900872195
0.9999999999999999 0.95577900872195
0.9999999999999999 0.95577900872195
0.9999999999999999 0.95577900872195
0.9999999999999999 0.95577900872195
0.9999999999999999 0.95577900872195
0.9999999999999999 0.95577900872195
0.9999999999999999 0.95577900872195
0.9999999999999999 0.95577900872195
1.0 1.0000000000000002
0.9999999999999999 0.95577900872195
0.9999999999999999 0.95577900872195
0.9999999999999999 0.95577900872195
0.9999999999999999 0.95577900872195
0.9999999999999999 0.95577900872195
0.9999999999999999 0.95577900872195
0.9999999999999999 0.95577900872195
0.9999999999999999 0.95577900872195
0.7721099961494128 0.8428783420102872
0.9999999999999999 0.95577900872195
0.9999999999999999 0.95577900872195
0.9999999999999999 0.95577900872195
0.9459053029269172 0.9177999171377654
1.0 1.0000000000000002
0.9999999999999999 0.95577900872195
0.9999999999999999 0.95577900872195
0.9999999999999999 0.95577900872195
1.0 0.9626509401538988
0.9999999999999999 0.95577900872195
1.0 0.9683296637314885
0.9999999999999999 0.95577900872195
0.9999999999999999 0.95577900872195
0.9459053029269172 0.9177999171377654
0.7721099961494128 0.8335596228867782
0.9999999999999999 0.95577900872195
1.0 1.0000000000000002
1.0 0.9626509401538988
0.9999999999999999 0.95577900872195
1.0 0.9626509401538988
1.0 1.0000000000000002
1.0 0.9160153802345845
0.9459053029269172 0.9177999171377654
0.9999999999999999 0.95577900872195
0.9999999999999999 0.95577900872195
0.9999999999999999 0.95577900872195
0.9999999999999999 0.95577900872195
0.9999999999999999 0.95577900872195
0.9999999999999999 0.95577900872195
1.0 0.9626509401538988
1.0 0.9462555234916721
0.9999999999999999 0.95577900872195
1.0 1.0000000000000002
0.9999999999999999 0.95577900872195
0.9999999999999999 0.95577900872195
1.0 0.9160153802345845
0.9459053029269172 0.9177999171377654
1.0 0.9626509401538988
0.9999999999999999 0.95577900872195
1.0 1.0000000000000002
0.9999999999999999 0.95577900872195
1.0 0.9462555234916724
0.9999999999999999 0.95577900872195
0.9999999999999999 0.95577900872195
0.9999999999999999 0.95577900872195
0.9999999999999999 0.95577900872195
0.9999999999999999 0.95577900872195
0.9999999999999999 0.95577900872195
0.9999999999999999 0.95577900872195
0.9999999999999999 0.95577900872195
1.0 0.9626509401538988
1.0 1.0000000000000002
0.9999999999999999 0.95577900872195
0.9999999999999999 0.95577900872195
0.9999999999999999 0.95577900872195
0.9653072991634228 0.8854693863756428
0.7721099961494128 0.8428783420102872
0.9999999999999999 0.95577900872195
0.9999999999999999 0.95577900872195
0.9459053029269172 0.9177999171377654
0.9999999999999999 0.95577900872195
0.9999999999999999 0.95577900872195
0.9999999999999999 0.95577900872195
0.9999999999999999 0.95577900872195
0.9780192938436515 0.9025388365166086
1.0 0.9626509401538988
0.9753048303966929 0.9556189340787526
0.9999999999999999 0.95577900872195
1.0 0.9462555234916724
0.9999999999999999 0.95577900872195
0.9999999999999999 0.95577900872195
0.9999999999999999 0.95577900872195
0.9999999999999999 0.95577900872195
0.9999999999999999 0.95577900872195
0.9999999999999999 0.95577900872195
1.0 0.9462555234916724
0.9999999999999999 0.95577900872195
0.9999999999999999 0.95577900872195
0.9999999999999999 0.95577900872195
1.0 0.9626509401538988
0.9999999999999999 0.95577900872195
0.9999999999999999 0.95577900872195
0.9459053029269172 0.9177999171377654
0.9999999999999999 0.95577900872195
1.0 0.9462555234916724
0.9999999999999999 0.95577900872195
0.9999999999999999 0.95577900872195
0.9999999999999999 0.95577900872195
0.9999999999999999 0.95577900872195
0.9999999999999999 0.95577900872195
1.0 0.9626509401538988
0.9999999999999999 0.95577900872195
0.9459053029269172 0.9177999171377654
0.9999999999999999 0.95577900872195
1.0 0.9462555234916724
0.9999999999999999 0.95577900872195
0.9999999999999999 0.95577900872195
0.9999999999999999 0.95577900872195
0.9999999999999999 0.95577900872195
0.9999999999999999 0.95577900872195
0.9999999999999999 0.95577900872195
1.0 0.9462555234916724
0.9999999999999999 0.95577900872195
1.0 0.9626509401538988
0.9999999999999999 0.95577900872195
1.0 0.9626509401538988
1.0 0.9160153802345845
0.9999999999999999 0.95577900872195
1.0 0.9160153802345845
0.9459053029269172 0.9177999171377654
0.9459053029269172 0.9177999171377654
0.9999999999999999 0.95577900872195
0.9999999999999999 0.95577900872195
0.9999999999999999 0.95577900872195
0.9999999999999999 0.95577900872195
1.0 0.9626509401538988
0.9999999999999999 0.95577900872195
1.0 0.9462555234916724
0.9459053029269172 0.9177999171377654
0.9999999999999999 0.95577900872195
1.0 0.9462555234916724
0.9999999999999999 0.95577900872195
0.9999999999999999 0.95577900872195
0.9459053029269172 0.9177999171377654
1.0 0.9462555234916724
0.9999999999999999 0.95577900872195
0.9999999999999999 0.95577900872195
0.9999999999999999 0.95577900872195
0.9999999999999999 0.95577900872195
0.9999999999999999 0.95577900872195
0.9999999999999999 0.95577900872195
0.9999999999999999 0.95577900872195
0.9653072991634228 0.8854693863756428
0.9999999999999999 0.95577900872195
0.9999999999999999 0.95577900872195
0.9999999999999999 0.95577900872195
0.9999999999999999 0.95577900872195
0.9999999999999999 0.95577900872195
0.9999999999999999 0.95577900872195
1.0 0.9626509401538988
0.9999999999999999 0.95577900872195
0.9459053029269172 0.9177999171377654
0.9999999999999999 0.95577900872195
0.9999999999999999 0.95577900872195
0.9999999999999999 0.95577900872195
0.9999999999999999 0.95577900872195
0.9999999999999999 0.95577900872195
0.9999999999999999 0.95577900872195
0.9999999999999999 0.95577900872195
0.9999999999999999 0.95577900872195
0.9999999999999999 0.95577900872195
0.9999999999999999 0.95577900872195
0.9459053029269172 0.9177999171377654
0.9459053029269172 0.9177999171377654
0.9999999999999998 1.0
0.9459053029269172 0.9177999171377654
0.9653072991634228 0.8854693863756428
0.9999999999999999 0.95577900872195
1.0 0.9462555234916724
1.0 0.9683296637314885
1.0 0.9683296637314885
1.0 0.9626509401538988
0.9459053029269172 0.9177999171377654
0.9999999999999999 0.95577900872195
1.0 0.9626509401538988
0.8918825850158447 0.8714923237783571
0.9999999999999999 0.95577900872195
0.9999999999999999 0.95577900872195
0.9999999999999999 0.95577900872195
0.9999999999999999 0.95577900872195
0.8918825850158447 0.8714923237783571
0.9999999999999999 0.95577900872195
1.0 0.9626509401538988
0.9999999999999999 0.95577900872195
1.0 0.9626509401538988
0.9999999999999999 0.95577900872195
0.9999999999999999 0.95577900872195
0.9999999999999999 0.95577900872195
0.9999999999999999 0.95577900872195
0.9999999999999999 0.95577900872195
0.9999999999999999 0.95577900872195
1.0 0.9160153802345845
0.9999999999999999 0.95577900872195
0.9999999999999999 0.95577900872195
0.9999999999999999 0.95577900872195
0.9999999999999999 0.95577900872195
0.9999999999999999 0.95577900872195
0.9999999999999999 0.95577900872195
0.9999999999999999 0.95577900872195
0.9999999999999999 0.95577900872195
0.9999999999999999 0.95577900872195
0.9999999999999999 0.95577900872195
1.0 0.9160153802345845
0.9999999999999999 0.95577900872195
0.9999999999999999 0.95577900872195
0.9999999999999999 0.95577900872195
0.9459053029269172 0.9177999171377654
0.9999999999999999 0.95577900872195
0.9999999999999999 0.95577900872195
0.9999999999999999 0.95577900872195
0.9999999999999999 0.95577900872195
1.0 0.9626509401538988
0.9999999999999999 0.95577900872195
1.0 0.9271726499455306
0.9999999999999999 0.95577900872195
0.9459053029269172 0.9177999171377654
1.0 1.0000000000000002
0.9999999999999999 0.95577900872195
0.9999999999999999 0.95577900872195
1.0 0.9160153802345845
0.8918825850158447 0.8714923237783571
0.9999999999999999 0.95577900872195
0.9999999999999999 0.95577900872195
0.9999999999999999 0.95577900872195
0.9999999999999999 0.95577900872195
1.0 0.9683296637314885
0.9999999999999999 0.95577900872195
0.9999999999999999 0.95577900872195
1.0 0.9626509401538988
1.0 0.9626509401538988
0.9999999999999999 0.95577900872195
0.9999999999999999 0.95577900872195
0.9999999999999999 0.95577900872195
0.9999999999999999 0.95577900872195
0.9999999999999999 0.95577900872195
1.0 0.9462555234916724
0.9999999999999999 0.95577900872195
0.9999999999999999 0.95577900872195
0.9999999999999999 0.95577900872195
0.9999999999999999 0.95577900872195
0.9999999999999999 0.95577900872195
0.9999999999999999 0.95577900872195
1.0 0.9626509401538988
0.9999999999999999 0.95577900872195
1.0 0.9683296637314885
0.9999999999999999 0.95577900872195
0.7721099961494128 0.8335596228867782
0.9999999999999999 0.95577900872195
0.9999999999999999 0.95577900872195
0.9653072991634228 0.8854693863756428
0.9999999999999999 0.95577900872195
0.9999999999999999 0.95577900872195
1.0 0.9462555234916724
0.9999999999999999 0.95577900872195
0.9999999999999999 0.95577900872195
0.9999999999999999 0.95577900872195
0.9999999999999999 0.95577900872195
0.9999999999999999 0.95577900872195
0.9999999999999999 0.95577900872195
0.9999999999999999 0.95577900872195
0.9999999999999999 0.95577900872195
0.9999999999999999 0.95577900872195
0.9999999999999999 0.95577900872195
1.0 0.9462555234916724
0.9999999999999999 0.95577900872195
1.0 1.0000000000000002
1.0 1.0000000000000002
0.9999999999999999 0.95577900872195
0.9653072991634228 0.8854693863756428
1.0 0.9626509401538988
1.0 0.9626509401538988
0.9999999999999999 0.95577900872195
1.0 0.9626509401538988
0.9999999999999999 0.95577900872195
0.9414688716912717 0.8868913174120618
1.0 0.9626509401538988
0.9999999999999999 0.95577900872195
0.9999999999999999 0.95577900872195
1.0 0.9462555234916724
1.0 0.9626509401538988
0.9999999999999999 0.95577900872195
0.9459053029269172 0.9177999171377654
0.8918825850158447 0.8714923237783571
0.9459053029269172 0.9177999171377654
0.9459053029269172 0.9177999171377654
0.9459053029269172 0.9177999171377654
0.9999999999999999 0.95577900872195
0.9999999999999999 0.95577900872195
0.9999999999999999 0.95577900872195
0.9999999999999999 0.95577900872195
1.0 0.9462555234916724
0.9999999999999999 0.95577900872195
0.9999999999999999 0.95577900872195
1.0 0.9462555234916724
0.9999999999999999 0.95577900872195
0.9999999999999999 0.95577900872195
0.9999999999999999 0.95577900872195
0.9999999999999999 0.95577900872195
0.8401680504168058 0.8185087293043799
0.9999999999999999 0.95577900872195
0.9999999999999999 0.95577900872195
0.9999999999999999 0.95577900872195
0.9999999999999999 0.95577900872195
0.9999999999999999 0.95577900872195
1.0 0.9626509401538988
0.9999999999999999 0.95577900872195
1.0 0.9626509401538988
0.9999999999999999 0.95577900872195
0.9999999999999999 0.95577900872195
0.9999999999999999 0.95577900872195
1.0 0.9462555234916724
1.0 0.9462555234916724
0.9653072991634228 0.8854693863756428
0.9999999999999999 0.95577900872195
0.9999999999999999 0.95577900872195
0.9999999999999999 0.95577900872195
0.9999999999999999 0.95577900872195
0.9999999999999999 0.95577900872195
0.9999999999999999 0.95577900872195
0.9999999999999999 0.95577900872195
1.0 0.9626509401538988
0.9999999999999999 0.95577900872195
0.9999999999999999 0.95577900872195
1.0 0.9626509401538988
0.9999999999999999 0.95577900872195
0.9999999999999999 0.95577900872195
0.9999999999999999 0.95577900872195
0.9999999999999999 0.95577900872195
0.9459053029269172 0.9177999171377654
1.0 0.9462555234916724
0.9999999999999999 0.95577900872195
0.9999999999999999 0.95577900872195
0.9999999999999999 0.95577900872195
0.9999999999999999 0.95577900872195
1.0 0.9626509401538988
0.9653072991634228 0.8854693863756428
0.9999999999999999 0.95577900872195
0.9999999999999999 0.95577900872195
0.9999999999999999 0.95577900872195
0.7721099961494128 0.8335596228867782
1.0 0.9462555234916724
0.9999999999999999 0.95577900872195
0.9999999999999999 0.95577900872195
0.9999999999999999 0.95577900872195
0.9999999999999999 0.95577900872195
0.9999999999999999 0.95577900872195
0.9999999999999999 0.95577900872195
0.9459053029269172 0.9177999171377654
0.9999999999999999 0.95577900872195
0.9999999999999999 0.95577900872195
0.9999999999999999 0.95577900872195
0.9999999999999999 0.95577900872195
0.9999999999999999 0.95577900872195
1.0 0.9626509401538988
0.9999999999999999 0.95577900872195
0.9999999999999999 0.95577900872195
0.9999999999999999 0.95577900872195
0.9999999999999999 0.95577900872195
0.9999999999999999 0.95577900872195
0.9999999999999999 0.95577900872195
0.9888264649460884 0.949118580226488
0.9999999999999999 0.95577900872195
1.0 1.0000000000000002
0.9999999999999999 0.95577900872195
0.9999999999999999 0.95577900872195
1.0 0.9160153802345845
0.9999999999999999 0.95577900872195
0.9459053029269172 0.9177999171377654
0.9999999999999999 0.95577900872195
1.0 0.9626509401538988
0.9459053029269172 0.9177999171377654
1.0 0.9626509401538988
0.9999999999999999 0.95577900872195
0.9999999999999999 0.95577900872195
0.9999999999999999 0.95577900872195
0.9354143466934854 0.9294601562396184
0.9999999999999999 0.95577900872195
0.9999999999999999 0.95577900872195
0.9999999999999999 0.95577900872195
0.9999999999999999 0.95577900872195
1.0 0.9462555234916724
0.9999999999999999 0.95577900872195
1.0 0.9626509401538988
0.9999999999999999 0.95577900872195
1.0 0.9626509401538988
1.0 0.9462555234916724
0.9999999999999999 0.95577900872195
0.9459053029269172 0.9177999171377654
0.9999999999999999 0.95577900872195
0.9999999999999999 0.95577900872195
1.0 1.0000000000000002
0.9999999999999999 0.95577900872195
1.0 0.9626509401538988
0.9999999999999999 0.95577900872195
1.0 0.9462555234916724
0.9999999999999999 0.95577900872195
0.9999999999999999 0.95577900872195
0.9999999999999999 0.95577900872195
0.9999999999999999 0.95577900872195
0.9999999999999999 0.95577900872195
1.0 0.9683296637314885
0.9999999999999999 0.95577900872195
0.9999999999999999 0.95577900872195
0.9653072991634228 0.8854693863756428
1.0 0.9626509401538988
0.9999999999999999 0.95577900872195
0.7721099961494128 0.8335596228867782
0.9999999999999999 0.95577900872195
1.0 0.9683296637314885
0.9999999999999999 0.95577900872195
1.0 0.9462555234916724
0.9999999999999999 0.95577900872195
1.0 0.9626509401538988
0.9999999999999999 0.95577900872195
0.9999999999999999 0.95577900872195
1.0 0.9626509401538988
0.9999999999999999 0.95577900872195
0.9999999999999999 0.95577900872195
0.9999999999999999 0.95577900872195
0.9999999999999999 0.95577900872195
0.9999999999999999 0.95577900872195
1.0 0.9462555234916724
0.9999999999999999 0.95577900872195
0.9999999999999999 0.95577900872195
0.9999999999999999 0.95577900872195
0.9999999999999999 0.95577900872195
0.9999999999999999 0.95577900872195
0.9999999999999999 0.95577900872195
0.9999999999999999 0.95577900872195
0.9999999999999999 0.95577900872195
