0.9847319278346618 0.9994801143396995
0.9847319278346618 0.9994801143396995
1.0 0.9920641616972419
1.0 0.9920641616972419
0.9847319278346618 0.9994801143396995
0.9847319278346618 0.9994801143396994
0.9847319278346618 0.9994801143396994
1.0 0.9973272815737739
0.9636241116594315 0.99998750023437
0.9636241116594315 0.99998750023437
0.9746794344808964 0.9984757144884154
0.9847319278346618 0.9994801143396994
0.9636241116594315 0.99998750023437
0.9847319278346618 0.9994801143396995
0.9863939238321437 0.9994810137181798
0.9847319278346618 0.9994801143396994
0.9847319278346618 0.9994801143396995
0.9847319278346618 0.9994801143396995
0.9847319278346618 0.9994801143396994
0.9847319278346618 0.9994801143396997
0.9888264649460883 0.9963177243115531
0.9847319278346618 0.9994801143396994
0.9746794344808964 0.9984757144884154
0.9847319278346618 0.9994801143396995
1.0 0.9943624549835045
0.9636241116594315 0.99998750023437
0.9746794344808964 0.9984757144884154
0.9847319278346618 0.9994801143396995
0.9847319278346618 0.9994801143396994
0.9847319278346618 0.9994801143396994
0.9746794344808964 0.9984757144884154
0.9847319278346618 0.9994801143396995
0.9847319278346618 0.9994801143396997
0.9682458365518541 0.9995088495312011
0.9888264649460883 0.9996416259269361
0.9847319278346618 0.9994801143396997
0.9847319278346618 0.9994801143396995
0.9847319278346618 0.9994801143396995
0.9863939238321437 0.9994810137181798
0.9847319278346618 0.9994801143396994
0.9847319278346618 0.9994801143396994
0.9847319278346618 0.9994801143396995
1.0 0.9979337054699798
0.9847319278346618 0.9994801143396995
0.9847319278346618 0.9994801143396995
0.9863939238321437 0.9994810137181798
1.0 0.9943624549835045
0.9746794344808964 0.9984757144884154
0.9847319278346618 0.9994801143396997
0.9999999999999999 0.9933342957399858
0.9636241116594315 0.99998750023437
0.9636241116594315 0.99998750023437
0.9636241116594315 0.99998750023437
0.9847319278346618 0.9994801143396994
0.9847319278346618 0.9994801143396994
0.9847319278346618 0.9994801143396995
0.9863939238321437 0.9994810137181798
1.0 0.9979337054699798
0.9847319278346618 0.9994801143396994
0.9847319278346618 0.9994801143396995
1.0 0.9920641616972419
0.9746794344808964 0.9984757144884154
0.9863939238321437 0.9994810137181798
0.9847319278346618 0.9994801143396994
0.9847319278346618 0.9994801143396995
0.9847319278346618 0.9994801143396995
0.9847319278346618 0.9994801143396994
0.9636241116594315 0.99998750023437
1.0 0.9979337054699798
0.9847319278346618 0.9994801143396994
0.9847319278346618 0.9994801143396995
0.9847319278346618 0.9994801143396994
0.960768922830523 1.0
0.9847319278346618 0.9994801143396995
0.9847319278346618 0.9994801143396995
0.9847319278346618 0.9994801143396995
0.9847319278346618 0.9994801143396994
0.9847319278346618 0.9994801143396997
0.9847319278346618 0.9994801143396997
0.9863939238321437 0.9994810137181798
0.9847319278346618 0.9994801143396994
0.9847319278346618 0.9994801143396994
0.9847319278346618 0.9994801143396994
1.0 0.9979337054699798
0.9847319278346618 0.9994801143396995
1.0 0.9920641616972415
0.9636241116594315 0.99998750023437
0.9636241116594315 0.99998750023437
0.9897433186107871 0.9967034631869506
0.9847319278346618 0.9994801143396994
0.9863939238321437 0.9994810137181798
0.9847319278346618 0.9994801143396994
0.9847319278346618 0.9994801143396995
0.9847319278346618 0.9994801143396994
0.9863939238321437 0.9994810137181798
0.9847319278346618 0.9994801143396995
0.9847319278346618 0.9994801143396995
0.9636241116594315 0.99998750023437
0.9847319278346618 0.9994801143396995
0.9847319278346618 0.9994801143396995
0.9847319278346618 0.9994801143396994
0.9847319278346618 0.9994801143396995
0.9847319278346618 0.9994801143396997
0.9847319278346618 0.9994801143396994
0.9847319278346618 0.9994801143396995
0.9636241116594315 0.99998750023437
0.9847319278346618 0.9994801143396997
0.9607689228305227 1.0
0.9847319278346618 0.9994801143396995
0.9682458365518541 0.9995088495312011
0.9847319278346618 0.9994801143396995
0.9847319278346618 0.9994801143396994
0.9847319278346618 0.9994801143396994
0.9847319278346618 0.9994801143396995
0.9847319278346618 0.9994801143396995
0.9847319278346618 0.9994801143396995
0.9847319278346618 0.9994801143396997
0.9847319278346618 0.9994801143396994
0.9863939238321437 0.9994810137181798
0.9847319278346618 0.9994801143396997
0.9746794344808964 0.9984757144884154
0.9847319278346618 0.9994801143396995
0.9847319278346618 0.9994801143396995
0.9847319278346618 0.9994801143396995
0.9746794344808964 0.9984757144884154
0.9847319278346618 0.9994801143396995
0.9847319278346618 0.9994801143396994
0.9847319278346618 0.9994801143396997
0.9863939238321437 0.9994810137181798
0.9428090415820635 1.0
0.9847319278346618 0.9994801143396997
0.9847319278346618 0.9994801143396994
0.9847319278346618 0.9994801143396995
0.9847319278346618 0.9994801143396994
0.9682458365518541 0.9995088495312011
0.9847319278346618 0.9994801143396995
0.9847319278346618 0.9994801143396997
0.9847319278346618 0.9994801143396995
1.0 0.9920641616972419
0.9847319278346618 0.9994801143396994
0.9847319278346618 0.9994801143396995
0.9682458365518541 0.9995088495312011
0.9847319278346618 0.9994801143396995
0.9636241116594315 0.99998750023437
0.9863939238321437 0.9994810137181798
0.9847319278346618 0.9994801143396997
1.0 0.9979337054699798
0.9847319278346618 0.9994801143396994
0.9607689228305227 1.0
0.9636241116594315 0.99998750023437
0.9999999999999999 0.9994801143396995
0.9847319278346618 0.9994801143396995
0.9847319278346618 0.9994801143396995
0.9847319278346618 0.9994801143396994
0.9847319278346618 0.9994801143396997
0.9847319278346618 0.9994801143396995
0.9863939238321437 0.9994810137181798
0.9847319278346618 0.9994801143396995
0.9847319278346618 0.9994801143396995
0.9746794344808964 0.9984757144884154
0.9847319278346618 0.9994801143396995
0.9847319278346618 0.9994801143396997
0.9746794344808964 0.9984757144884154
0.9636241116594315 0.99998750023437
0.9847319278346618 0.9994801143396994
0.9847319278346618 0.9994801143396994
0.9863939238321437 0.9994810137181798
0.9847319278346618 0.9994801143396995
0.9746794344808964 0.9984757144884154
0.9863939238321437 0.9994810137181798
0.9847319278346618 0.9994801143396994
0.9847319278346618 0.9994801143396994
0.9847319278346618 0.9994801143396994
0.9847319278346618 0.9994801143396995
0.9746794344808964 0.9984757144884154
0.9847319278346618 0.9994801143396995
0.9847319278346618 0.9994801143396994
0.9847319278346618 0.9994801143396994
0.9847319278346618 0.9994801143396995
0.9636241116594315 0.99998750023437
0.9607689228305227 1.0
0.9847319278346618 0.9994801143396995
0.9847319278346618 0.9994801143396994
0.9847319278346618 0.9994801143396995
0.9847319278346618 0.9994801143396995
0.9847319278346618 0.9994801143396994
0.9847319278346618 0.9994801143396995
0.9863939238321437 0.9994810137181798
0.9847319278346618 0.9994801143396995
0.9847319278346618 0.9994801143396994
0.9746794344808964 0.9984757144884154
0.9847319278346618 0.9994801143396995
0.9863939238321437 0.9994810137181798
0.9863939238321437 0.9994810137181798
0.9847319278346618 0.9994801143396995
0.9847319278346618 0.9994801143396994
0.9636241116594315 0.99998750023437
0.9847319278346618 0.9994801143396995
0.9847319278346618 0.9994801143396995
0.960768922830523 1.0
0.9847319278346618 0.9994801143396994
1.0 0.9979337054699798
0.9863939238321437 0.9994810137181798
0.9847319278346618 0.9994801143396995
0.9847319278346618 0.9994801143396997
0.9847319278346618 0.9994801143396994
0.9636241116594315 0.99998750023437
1.0 0.9981973700882923
0.9847319278346618 0.9994801143396997
0.9847319278346618 0.9994801143396994
0.9847319278346618 0.9994801143396994
0.9847319278346618 0.9994801143396994
0.9636241116594315 0.99998750023437
0.9847319278346618 0.9994801143396995
0.9847319278346618 0.9994801143396995
0.9847319278346618 0.9994801143396994
0.9746794344808964 0.9984757144884154
0.9847319278346618 0.9994801143396995
0.9847319278346618 0.9994801143396997
0.9847319278346618 0.9994801143396994
0.9863939238321437 0.9994810137181798
1.0 0.9979337054699798
0.9636241116594315 0.99998750023437
0.9847319278346618 0.9994801143396995
0.9863939238321437 0.9994810137181798
0.9636241116594315 0.99998750023437
0.9847319278346618 0.9994801143396995
0.9863939238321437 0.9994810137181798
0.9847319278346618 0.9994801143396995
0.9847319278346618 0.9994801143396995
0.9847319278346618 0.9994801143396995
0.9847319278346618 0.9994801143396997
0.9847319278346618 0.9994801143396995
0.9897433186107871 0.9896171453414204
0.9847319278346618 0.9994801143396995
0.9847319278346618 0.9994801143396995
0.9847319278346618 0.9994801143396997
0.9636241116594315 0.99998750023437
0.9682458365518541 0.9995088495312011
0.9847319278346618 0.9994801143396995
0.9746794344808964 0.9984757144884154
0.9847319278346618 0.9994801143396994
1.0 0.9973272815737739
0.9847319278346618 0.9994801143396995
0.9847319278346618 0.9994801143396997
0.9847319278346618 0.9994801143396995
1.0 0.9920641616972419
0.9847319278346618 0.9994801143396995
0.9863939238321437 0.9994810137181798
0.9863939238321437 0.9994810137181798
0.960768922830523 1.0
0.9746794344808964 0.9984757144884154
0.9847319278346618 0.9994801143396995
0.9847319278346618 0.9994801143396994
0.9847319278346618 0.9994801143396997
0.9607689228305227 1.0
0.9847319278346618 0.9994801143396994
0.9746794344808964 0.9984757144884154
0.9847319278346618 0.9994801143396994
0.9847319278346618 0.9994801143396994
0.9847319278346618 0.9994801143396994
0.9847319278346618 0.9994801143396997
0.9847319278346618 0.9994801143396994
0.9636241116594315 0.99998750023437
0.9847319278346618 0.9994801143396994
0.9847319278346618 0.9994801143396995
0.9636241116594315 0.99998750023437
0.9847319278346618 0.9994801143396995
0.9636241116594315 0.99998750023437
0.9897433186107871 0.9896171453414204
0.9636241116594315 0.99998750023437
0.9847319278346618 0.9994801143396994
0.9847319278346618 0.9994801143396994
0.9847319278346618 0.9994801143396995
0.9847319278346618 0.9994801143396994
0.9847319278346618 0.9994801143396995
0.9847319278346618 0.9994801143396995
0.9847319278346618 0.9994801143396997
0.9653072991634227 0.9981744342838389
0.9863939238321437 0.9994810137181798
0.9847319278346618 0.9994801143396995
0.9863939238321437 0.9994810137181798
0.9888264649460883 0.9996416259269361
0.9847319278346618 0.9994801143396994
0.9746794344808964 0.9984757144884154
0.9847319278346618 0.9994801143396997
0.9847319278346618 0.9994801143396994
0.9847319278346618 0.9994801143396995
0.9847319278346618 0.9994801143396995
0.9847319278346618 0.9994801143396997
0.9847319278346618 0.9994801143396994
0.9897433186107871 0.9896171453414204
0.9847319278346618 0.9994801143396995
0.9746794344808964 0.9984757144884154
0.9607689228305227 1.0
0.9746794344808964 0.9984757144884154
0.9847319278346618 0.9994801143396994
0.9847319278346618 0.9994801143396995
0.9847319278346618 0.9994801143396994
0.9847319278346618 0.9994801143396997
0.9636241116594315 0.99998750023437
0.9847319278346618 0.9994801143396995
0.9847319278346618 0.9994801143396995
0.9847319278346618 0.9994801143396995
0.9636241116594315 0.99998750023437
0.9847319278346618 0.9994801143396994
0.9746794344808964 0.9984757144884154
0.9847319278346618 0.9994801143396995
0.9746794344808964 0.9984757144884154
0.9636241116594315 0.99998750023437
0.9847319278346618 0.9994801143396995
0.9847319278346618 0.9994801143396995
0.9847319278346618 0.9994801143396994
0.9847319278346618 0.9994801143396995
0.9847319278346618 0.9994801143396995
0.9636241116594315 0.99998750023437
0.9847319278346618 0.9994801143396995
0.9847319278346618 0.9994801143396994
0.9863939238321437 0.9994810137181798
0.9847319278346618 0.9994801143396995
0.9636241116594315 0.99998750023437
0.9847319278346618 0.9994801143396994
1.0 0.9979337054699798
0.9847319278346618 0.9994801143396995
0.9847319278346618 0.9994801143396994
0.9847319278346618 0.9994801143396997
0.9847319278346618 0.9994801143396994
0.9746794344808964 0.9984757144884154
0.9636241116594315 0.99998750023437
0.9863939238321437 0.9994810137181798
0.9847319278346618 0.9994801143396994
0.9847319278346618 0.9994801143396995
0.9847319278346618 0.9994801143396994
0.9847319278346618 0.9994801143396994
0.9607689228305227 1.0
0.9888264649460883 0.9996416259269361
0.9746794344808964 0.9984757144884154
0.9746794344808964 0.9984757144884154
0.9607689228305227 1.0
0.9847319278346618 0.9994801143396994
0.9847319278346618 0.9994801143396997
0.9847319278346618 0.9994801143396995
0.9428090415820635 1.0
0.9847319278346618 0.9994801143396995
0.9847319278346618 0.9994801143396997
0.9847319278346618 0.9994801143396995
0.9847319278346618 0.9994801143396995
0.9428090415820635 1.0
0.9847319278346618 0.9994801143396995
0.9847319278346618 0.9994801143396994
0.9863939238321437 0.9994810137181798
0.9847319278346618 0.9994801143396997
0.9636241116594315 0.99998750023437
0.9847319278346618 0.9994801143396995
0.9863939238321437 0.9994810137181798
0.9847319278346618 0.9994801143396994
0.9863939238321437 0.9994810137181798
0.9847319278346618 0.9994801143396994
0.9847319278346618 0.9994801143396994
0.9863939238321437 0.9994810137181798
0.9847319278346618 0.9994801143396994
0.9847319278346618 0.9994801143396995
0.9847319278346618 0.9994801143396995
0.9888264649460883 0.9996416259269361
0.9607689228305227 1.0
0.9847319278346618 0.9994801143396995
0.9847319278346618 0.9994801143396995
0.9847319278346618 0.9994801143396994
0.9847319278346618 0.9994801143396994
0.9847319278346618 0.9994801143396994
0.9863939238321437 0.9994810137181798
0.9847319278346618 0.9994801143396994
0.9847319278346618 0.9994801143396997
1.0 0.9979337054699798
0.9636241116594315 0.99998750023437
0.9847319278346618 0.9994801143396994
0.9847319278346618 0.9994801143396994
0.9847319278346618 0.9994801143396997
0.960768922830523 1.0
0.960768922830523 1.0
0.9847319278346618 0.9994801143396994
0.9847319278346618 0.9994801143396995
0.9847319278346618 0.9994801143396995
0.9847319278346618 0.9994801143396994
0.9746794344808964 0.9984757144884154
0.9847319278346618 0.9994801143396997
0.9746794344808964 0.9984757144884154
0.9746794344808964 0.9984757144884154
0.9636241116594315 0.99998750023437
0.9847319278346618 0.9994801143396994
0.9847319278346618 0.9994801143396994
0.9847319278346618 0.9994801143396994
0.9863939238321437 0.9994810137181798
0.9847319278346618 0.9994801143396995
0.9847319278346618 0.9994801143396994
0.9847319278346618 0.9994801143396994
0.9847319278346618 0.9994801143396994
0.9746794344808964 0.9984757144884154
0.9847319278346618 0.9994801143396995
0.9847319278346618 0.9994801143396994
0.9636241116594315 0.99998750023437
0.9847319278346618 0.9994801143396994
0.9847319278346618 0.9994801143396994
0.9847319278346618 0.9994801143396994
0.9847319278346618 0.9994801143396994
0.9847319278346618 0.9994801143396994
0.9847319278346618 0.9994801143396995
0.9636241116594315 0.99998750023437
0.9863939238321437 0.9994810137181798
0.9847319278346618 0.9994801143396995
0.9847319278346618 0.9994801143396997
0.9847319278346618 0.9994801143396994
0.9847319278346618 0.9994801143396994
0.9847319278346618 0.9994801143396995
0.9847319278346618 0.9994801143396995
0.978945010372561 0.9967868356697769
0.9847319278346618 0.9994801143396995
0.9847319278346618 0.9994801143396994
0.9636241116594315 0.99998750023437
0.9847319278346618 0.9994801143396994
1.0 0.9979337054699798
0.9847319278346618 0.9994801143396994
0.9847319278346618 0.9994801143396994
0.9847319278346618 0.9994801143396994
0.9888264649460883 0.9996416259269361
0.9847319278346618 0.9994801143396994
0.9863939238321437 0.9994810137181798
0.9863939238321437 0.9994810137181798
0.9636241116594315 0.99998750023437
0.9636241116594315 0.99998750023437
0.9746794344808964 0.9984757144884154
0.9847319278346618 0.9994801143396994
0.9847319278346618 0.9994801143396995
0.9847319278346618 0.9994801143396994
0.9847319278346618 0.9994801143396994
0.9863939238321437 0.9994810137181798
0.9847319278346618 0.9994801143396995
0.9607689228305227 1.0
0.9847319278346618 0.9994801143396995
0.9682458365518541 0.9995088495312011
0.9847319278346618 0.9994801143396994
0.9847319278346618 0.9994801143396995
0.9847319278346618 0.9994801143396994
0.9847319278346618 0.9994801143396995
0.9847319278346618 0.9994801143396994
0.9847319278346618 0.9994801143396994
0.9847319278346618 0.9994801143396994
0.9636241116594315 0.99998750023437
0.9636241116594315 0.99998750023437
0.9863939238321437 0.9994810137181798
0.9847319278346618 0.9994801143396995
0.9636241116594315 0.99998750023437
0.9847319278346618 0.9994801143396994
0.9863939238321437 0.9994810137181798
0.9847319278346618 0.9994801143396994
0.9863939238321437 0.9994810137181798
1.0 0.9920641616972419
0.9863939238321437 0.9994810137181798
0.9847319278346618 0.9994801143396995
0.9847319278346618 0.9994801143396997
0.9847319278346618 0.9994801143396994
0.9863939238321437 0.9994810137181795
0.9863939238321437 0.9994810137181798
0.9607689228305227 1.0
0.9863939238321437 0.9994810137181798
0.9636241116594315 0.99998750023437
0.9847319278346618 0.9994801143396994
0.9847319278346618 0.9994801143396994
0.9847319278346618 0.9994801143396994
0.9847319278346618 0.9994801143396997
0.9607689228305227 1.0
0.9847319278346618 0.9994801143396995
0.9847319278346618 0.9994801143396995
0.9847319278346618 0.9994801143396994
0.9888264649460883 0.9963177243115531
0.9746794344808964 0.9984757144884154
0.9897433186107871 0.9987308764156476
0.9682458365518541 0.9995088495312011
0.9847319278346618 0.9994801143396995
0.9847319278346618 0.9994801143396994
0.9863939238321437 0.9994810137181795
0.9847319278346618 0.9994801143396997
0.9847319278346618 0.9994801143396995
0.9863939238321437 0.9994810137181798
0.9999999999999999 0.9994801143396995
0.9847319278346618 0.9994801143396994
0.9847319278346618 0.9994801143396994
0.9847319278346618 0.9994801143396994
0.9847319278346618 0.9994801143396995
0.9636241116594315 0.99998750023437
0.9863939238321437 0.9994810137181795
0.9847319278346618 0.9994801143396995
0.9847319278346618 0.9994801143396994
0.9746794344808964 0.9984757144884154
1.0 0.9979337054699798
0.9636241116594315 0.99998750023437
0.9847319278346618 0.9994801143396994
0.9847319278346618 0.9994801143396995
0.9636241116594315 0.99998750023437
0.9847319278346618 0.9994801143396994
0.9863939238321437 0.9994810137181795
0.9636241116594315 0.99998750023437
0.9847319278346618 0.9994801143396994
0.9847319278346618 0.9994801143396997
0.9746794344808964 0.9984757144884154
0.9636241116594315 0.99998750023437
0.9847319278346618 0.9994801143396994
1.0 0.9985210586636425
0.9847319278346618 0.9994801143396995
0.9847319278346618 0.9994801143396995
0.9847319278346618 0.9994801143396995
0.9847319278346618 0.9994801143396997
0.9847319278346618 0.9994801143396994
0.9847319278346618 0.9994801143396994
0.9847319278346618 0.9994801143396994
0.9847319278346618 0.9994801143396995
0.9847319278346618 0.9994801143396995
1.0 0.9979337054699798
0.9847319278346618 0.9994801143396994
0.9847319278346618 0.9994801143396994
0.9746794344808964 0.9984757144884154
0.9847319278346618 0.9994801143396995
0.9847319278346618 0.9994801143396995
0.9847319278346618 0.9994801143396995
0.9847319278346618 0.9994801143396995
0.9847319278346618 0.9994801143396995
0.9847319278346618 0.9994801143396994
0.9847319278346618 0.9994801143396994
0.9847319278346618 0.9994801143396994
0.9847319278346618 0.9994801143396995
0.9847319278346618 0.9994801143396994
0.9847319278346618 0.9994801143396994
0.9746794344808964 0.9984757144884154
0.9636241116594315 0.99998750023437
0.9847319278346618 0.9994801143396994
0.9847319278346618 0.9994801143396997
0.9847319278346618 0.9994801143396995
0.9847319278346618 0.9994801143396994
0.9847319278346618 0.9994801143396995
0.9847319278346618 0.9994801143396995
0.9863939238321437 0.9994810137181798
0.9847319278346618 0.9994801143396995
0.9999999999999999 0.9994801143396995
0.9847319278346618 0.9994801143396994
0.9847319278346618 0.9994801143396995
0.9847319278346618 0.9994801143396995
0.9847319278346618 0.9994801143396994
0.9847319278346618 0.9994801143396994
1.0 0.9979337054699798
0.9847319278346618 0.9994801143396995
0.9847319278346618 0.9994801143396994
0.9847319278346618 0.9994801143396995
0.9847319278346618 0.9994801143396997
1.0 0.9979337054699798
0.9847319278346618 0.9994801143396995
0.9636241116594315 0.99998750023437
0.9847319278346618 0.9994801143396994
0.9847319278346618 0.9994801143396995
0.9847319278346618 0.9994801143396995
0.9863939238321437 0.9994810137181798
0.9636241116594315 0.99998750023437
0.9847319278346618 0.9994801143396995
0.9847319278346618 0.9994801143396995
0.9847319278346618 0.9994801143396995
0.9847319278346618 0.9994801143396995
0.9847319278346618 0.9994801143396995
0.9847319278346618 0.9994801143396995
0.9847319278346618 0.9994801143396995
0.9847319278346618 0.9994801143396995
0.9999999999999999 0.9994801143396995
0.960768922830523 1.0000000000000002
0.9847319278346618 0.9994801143396994
0.9847319278346618 0.9994801143396994
0.9847319278346618 0.9994801143396995
0.9847319278346618 0.9994801143396995
0.9847319278346618 0.9994801143396994
0.9847319278346618 0.9994801143396995
0.9847319278346618 0.9994801143396995
0.9847319278346618 0.9994801143396997
1.0 0.9943624549835045
0.9847319278346618 0.9994801143396997
0.9847319278346618 0.9994801143396997
0.9847319278346618 0.9994801143396997
0.9746794344808964 0.9984757144884154
0.9428090415820635 1.0
0.9847319278346618 0.9994801143396995
0.9847319278346618 0.9994801143396995
0.9847319278346618 0.9994801143396994
0.9636241116594315 0.99998750023437
0.9847319278346618 0.9994801143396994
0.9607689228305227 1.0
0.9847319278346618 0.9994801143396994
0.9847319278346618 0.9994801143396995
0.9746794344808964 0.9984757144884154
1.0 0.9920641616972419
0.9847319278346618 0.9994801143396995
0.960768922830523 1.0
0.9636241116594315 0.99998750023437
0.9847319278346618 0.9994801143396995
0.9636241116594315 0.99998750023437
0.9428090415820635 1.0000000000000002
0.9888264649460883 0.9996416259269361
0.9746794344808964 0.9984757144884154
0.9847319278346618 0.9994801143396994
0.9847319278346618 0.9994801143396995
0.9847319278346618 0.9994801143396995
0.9847319278346618 0.9994801143396994
0.9847319278346618 0.9994801143396997
0.9847319278346618 0.9994801143396994
0.9636241116594315 0.99998750023437
0.9863939238321437 0.9994810137181795
0.9847319278346618 0.9994801143396994
0.9428090415820635 1.0
0.9847319278346618 0.9994801143396997
0.9847319278346618 0.9994801143396995
0.9888264649460883 0.9996416259269361
0.9746794344808964 0.9984757144884154
0.9636241116594315 0.99998750023437
0.9847319278346618 0.9994801143396994
0.9428090415820635 1.0000000000000002
0.9847319278346618 0.9994801143396995
0.9863939238321437 0.9994810137181798
0.9847319278346618 0.9994801143396995
0.9847319278346618 0.9994801143396994
0.9847319278346618 0.9994801143396994
0.9847319278346618 0.9994801143396994
0.9847319278346618 0.9994801143396997
0.9847319278346618 0.9994801143396994
0.9847319278346618 0.9994801143396995
0.9847319278346618 0.9994801143396994
0.9636241116594315 0.99998750023437
0.960768922830523 1.0
0.9847319278346618 0.9994801143396995
0.9847319278346618 0.9994801143396994
0.9847319278346618 0.9994801143396994
1.0 0.9979337054699798
1.0 0.9943624549835045
0.9847319278346618 0.9994801143396995
0.9847319278346618 0.9994801143396994
0.9746794344808964 0.9984757144884154
0.9847319278346618 0.9994801143396994
0.9847319278346618 0.9994801143396994
0.9847319278346618 0.9994801143396995
0.9847319278346618 0.9994801143396994
0.978945010372561 0.9967868356697769
0.9636241116594315 0.99998750023437
0.9653072991634227 0.9981744342838389
0.9847319278346618 0.9994801143396995
0.9863939238321437 0.9994810137181798
0.9847319278346618 0.9994801143396994
0.9847319278346618 0.9994801143396994
0.9847319278346618 0.9994801143396995
0.9847319278346618 0.9994801143396995
0.9847319278346618 0.9994801143396994
0.9847319278346618 0.9994801143396994
0.9863939238321437 0.9994810137181798
0.9847319278346618 0.9994801143396994
0.9847319278346618 0.9994801143396995
0.9847319278346618 0.9994801143396997
0.9636241116594315 0.99998750023437
0.9847319278346618 0.9994801143396995
0.9847319278346618 0.9994801143396997
0.9746794344808964 0.9984757144884154
0.9847319278346618 0.9994801143396994
0.9863939238321437 0.9994810137181798
0.9847319278346618 0.9994801143396995
0.9847319278346618 0.9994801143396994
0.9847319278346618 0.9994801143396995
0.9847319278346618 0.9994801143396995
0.9847319278346618 0.9994801143396994
0.9636241116594315 0.99998750023437
0.9847319278346618 0.9994801143396994
0.9746794344808964 0.9984757144884154
0.9847319278346618 0.9994801143396994
0.9863939238321437 0.9994810137181798
0.9847319278346618 0.9994801143396997
0.9847319278346618 0.9994801143396994
0.9847319278346618 0.9994801143396995
0.9847319278346618 0.9994801143396995
0.9847319278346618 0.9994801143396995
0.9847319278346618 0.9994801143396994
0.9863939238321437 0.9994810137181798
0.9847319278346618 0.9994801143396994
0.9636241116594315 0.99998750023437
0.9847319278346618 0.9994801143396994
0.9636241116594315 0.99998750023437
0.9888264649460883 0.9996416259269361
0.9847319278346618 0.9994801143396995
0.9888264649460883 0.9996416259269361
0.9746794344808964 0.9984757144884154
0.9746794344808964 0.9984757144884154
0.9847319278346618 0.9994801143396997
0.9847319278346618 0.9994801143396995
0.9847319278346618 0.9994801143396994
0.9847319278346618 0.9994801143396995
0.9636241116594315 0.99998750023437
0.9847319278346618 0.9994801143396994
0.9863939238321437 0.9994810137181798
0.9746794344808964 0.9984757144884154
0.9847319278346618 0.9994801143396994
0.9863939238321437 0.9994810137181798
0.9847319278346618 0.9994801143396994
0.9847319278346618 0.9994801143396994
0.9746794344808964 0.9984757144884154
0.9863939238321437 0.9994810137181798
0.9847319278346618 0.9994801143396995
0.9847319278346618 0.9994801143396997
0.9847319278346618 0.9994801143396995
0.9847319278346618 0.9994801143396994
0.9847319278346618 0.9994801143396995
0.9847319278346618 0.9994801143396997
0.9847319278346618 0.9994801143396997
1.0 0.9979337054699798
0.9847319278346618 0.9994801143396994
0.9847319278346618 0.9994801143396994
0.9847319278346618 0.9994801143396995
0.9847319278346618 0.9994801143396995
0.9847319278346618 0.9994801143396994
0.9847319278346618 0.9994801143396997
0.9636241116594315 0.99998750023437
0.9847319278346618 0.9994801143396995
0.9746794344808964 0.9984757144884154
0.9847319278346618 0.9994801143396995
0.9847319278346618 0.9994801143396994
0.9847319278346618 0.9994801143396997
0.9847319278346618 0.9994801143396995
0.9847319278346618 0.9994801143396995
0.9847319278346618 0.9994801143396994
0.9847319278346618 0.9994801143396997
0.9847319278346618 0.9994801143396994
0.9847319278346618 0.9994801143396994
0.9847319278346618 0.9994801143396994
0.9746794344808964 0.9984757144884154
0.9746794344808964 0.9984757144884154
0.9211323729436764 1.0
0.9746794344808964 0.9984757144884154
1.0 0.9979337054699798
0.9847319278346618 0.9994801143396994
0.9863939238321437 0.9994810137181798
0.9607689228305227 1.0
0.9607689228305227 1.0
0.9636241116594315 0.99998750023437
0.9746794344808964 0.9984757144884154
0.9847319278346618 0.9994801143396994
0.9636241116594315 0.99998750023437
0.9888264649460883 0.9963177243115531
0.9847319278346618 0.9994801143396997
0.9847319278346618 0.9994801143396995
0.9847319278346618 0.9994801143396997
0.9847319278346618 0.9994801143396995
0.9888264649460883 0.9963177243115531
0.9847319278346618 0.9994801143396994
0.9636241116594315 0.99998750023437
0.9847319278346618 0.9994801143396995
0.9636241116594315 0.99998750023437
0.9847319278346618 0.9994801143396994
0.9847319278346618 0.9994801143396994
0.9847319278346618 0.9994801143396995
0.9847319278346618 0.9994801143396994
0.9847319278346618 0.9994801143396994
0.9847319278346618 0.9994801143396994
0.9888264649460883 0.9996416259269361
0.9847319278346618 0.9994801143396997
0.9847319278346618 0.9994801143396995
0.9847319278346618 0.9994801143396995
0.9847319278346618 0.9994801143396994
0.9847319278346618 0.9994801143396994
0.9847319278346618 0.9994801143396994
0.9847319278346618 0.9994801143396995
0.9847319278346618 0.9994801143396995
0.9847319278346618 0.9994801143396995
0.9847319278346618 0.9994801143396994
0.9888264649460883 0.9996416259269361
0.9847319278346618 0.9994801143396994
0.9847319278346618 0.9994801143396994
0.9847319278346618 0.9994801143396994
0.9746794344808964 0.9984757144884154
0.9847319278346618 0.9994801143396994
0.9847319278346618 0.9994801143396997
0.9847319278346618 0.9994801143396995
0.9847319278346618 0.9994801143396994
0.9636241116594315 0.99998750023437
0.9847319278346618 0.9994801143396994
0.9400643223910576 0.999795980820074
0.9847319278346618 0.9994801143396997
0.9746794344808964 0.9984757144884154
0.960768922830523 1.0
0.9847319278346618 0.9994801143396994
0.9847319278346618 0.9994801143396995
0.9888264649460883 0.9996416259269361
0.9888264649460883 0.9963177243115531
0.9847319278346618 0.9994801143396994
0.9847319278346618 0.9994801143396995
0.9847319278346618 0.9994801143396994
0.9847319278346618 0.9994801143396995
0.9607689228305227 1.0
0.9847319278346618 0.9994801143396994
0.9847319278346618 0.9994801143396994
0.9636241116594315 0.99998750023437
0.9636241116594315 0.99998750023437
0.9847319278346618 0.9994801143396995
0.9847319278346618 0.9994801143396995
0.9847319278346618 0.9994801143396995
0.9847319278346618 0.9994801143396995
0.9847319278346618 0.9994801143396995
0.9863939238321437 0.9994810137181798
0.9847319278346618 0.9994801143396995
0.9847319278346618 0.9994801143396994
0.9847319278346618 0.9994801143396995
0.9847319278346618 0.9994801143396994
0.9847319278346618 0.9994801143396997
0.9847319278346618 0.9994801143396995
0.9636241116594315 0.99998750023437
0.9847319278346618 0.9994801143396995
0.9607689228305227 1.0
0.9847319278346618 0.9994801143396995
1.0 0.9920641616972419
0.9847319278346618 0.9994801143396994
0.9847319278346618 0.9994801143396997
1.0 0.9979337054699798
0.9847319278346618 0.9994801143396997
0.9847319278346618 0.9994801143396995
0.9863939238321437 0.9994810137181798
0.9847319278346618 0.9994801143396995
0.9847319278346618 0.9994801143396997
0.9847319278346618 0.9994801143396994
0.9847319278346618 0.9994801143396995
0.9847319278346618 0.9994801143396997
0.9847319278346618 0.9994801143396997
0.9847319278346618 0.9994801143396997
0.9847319278346618 0.9994801143396994
0.9847319278346618 0.9994801143396995
0.9847319278346618 0.9994801143396994
0.9863939238321437 0.9994810137181798
0.9847319278346618 0.9994801143396997
0.960768922830523 1.0
0.960768922830523 1.0
0.9847319278346618 0.9994801143396997
1.0 0.9979337054699798
0.9636241116594315 0.99998750023437
0.9636241116594315 0.99998750023437
0.9847319278346618 0.9994801143396995
0.9636241116594315 0.99998750023437
0.9847319278346618 0.9994801143396997
0.9438798074485389 0.9975614463979244
0.9636241116594315 0.99998750023437
0.9847319278346618 0.9994801143396995
0.9847319278346618 0.9994801143396995
0.9863939238321437 0.9994810137181798
0.9636241116594315 0.99998750023437
0.9847319278346618 0.9994801143396995
0.9746794344808964 0.9984757144884154
0.9888264649460883 0.9963177243115531
0.9746794344808964 0.9984757144884154
0.9746794344808964 0.9984757144884154
0.9746794344808964 0.9984757144884154
0.9847319278346618 0.9994801143396995
0.9847319278346618 0.9994801143396997
0.9847319278346618 0.9994801143396994
0.9847319278346618 0.9994801143396994
0.9863939238321437 0.9994810137181798
0.9847319278346618 0.9994801143396994
0.9847319278346618 0.9994801143396994
0.9863939238321437 0.9994810137181798
0.9847319278346618 0.9994801143396995
0.9847319278346618 0.9994801143396995
0.9847319278346618 0.9994801143396995
0.9847319278346618 0.9994801143396995
0.9999999999999999 0.9933342957399858
0.9847319278346618 0.9994801143396995
0.9847319278346618 0.9994801143396994
0.9847319278346618 0.9994801143396994
0.9847319278346618 0.9994801143396994
0.9847319278346618 0.9994801143396995
0.9636241116594315 0.99998750023437
0.9847319278346618 0.9994801143396995
0.9636241116594315 0.99998750023437
0.9847319278346618 0.9994801143396994
0.9847319278346618 0.9994801143396995
0.9847319278346618 0.9994801143396994
0.9863939238321437 0.9994810137181798
0.9863939238321437 0.9994810137181798
1.0 0.9979337054699798
0.9847319278346618 0.9994801143396994
0.9847319278346618 0.9994801143396995
0.9847319278346618 0.9994801143396997
0.9847319278346618 0.9994801143396995
0.9847319278346618 0.9994801143396997
0.9847319278346618 0.9994801143396994
0.9847319278346618 0.9994801143396994
0.9636241116594315 0.99998750023437
0.9847319278346618 0.9994801143396994
0.9847319278346618 0.9994801143396994
0.9636241116594315 0.99998750023437
0.9847319278346618 0.9994801143396994
0.9847319278346618 0.9994801143396994
0.9847319278346618 0.9994801143396995
0.9847319278346618 0.9994801143396995
0.9746794344808964 0.9984757144884154
0.9863939238321437 0.9994810137181798
0.9847319278346618 0.9994801143396994
0.9847319278346618 0.9994801143396997
0.9847319278346618 0.9994801143396995
0.9847319278346618 0.9994801143396994
0.9636241116594315 0.99998750023437
1.0 0.9979337054699798
0.9847319278346618 0.9994801143396994
0.9847319278346618 0.9994801143396994
0.9847319278346618 0.9994801143396994
1.0 0.9920641616972419
0.9863939238321437 0.9994810137181798
0.9847319278346618 0.9994801143396997
0.9847319278346618 0.9994801143396997
0.9847319278346618 0.9994801143396997
0.9847319278346618 0.9994801143396994
0.9847319278346618 0.9994801143396995
0.9847319278346618 0.9994801143396995
0.9746794344808964 0.9984757144884154
0.9847319278346618 0.9994801143396994
0.9847319278346618 0.9994801143396994
0.9847319278346618 0.9994801143396994
0.9847319278346618 0.9994801143396994
0.9847319278346618 0.9994801143396995
0.9636241116594315 0.99998750023437
0.9847319278346618 0.9994801143396995
0.9847319278346618 0.9994801143396995
0.9847319278346618 0.9994801143396995
0.9847319278346618 0.9994801143396994
0.9847319278346618 0.9994801143396994
0.9847319278346618 0.9994801143396994
0.9682458365518541 0.9995088495312011
0.9847319278346618 0.9994801143396994
0.960768922830523 1.0
0.9847319278346618 0.9994801143396994
0.9847319278346618 0.9994801143396995
0.9888264649460883 0.9996416259269361
0.9847319278346618 0.9994801143396994
0.9746794344808964 0.9984757144884154
0.9847319278346618 0.9994801143396997
0.9636241116594315 0.99998750023437
0.9746794344808964 0.9984757144884154
0.9636241116594315 0.99998750023437
0.9847319278346618 0.9994801143396995
0.9847319278346618 0.9994801143396994
0.9847319278346618 0.9994801143396995
0.9897433186107871 0.9987308764156476
0.9847319278346618 0.9994801143396994
0.9847319278346618 0.9994801143396994
0.9847319278346618 0.9994801143396997
0.9847319278346618 0.9994801143396997
0.9863939238321437 0.9994810137181798
0.9847319278346618 0.9994801143396997
0.9636241116594315 0.99998750023437
0.9847319278346618 0.9994801143396997
0.9636241116594315 0.99998750023437
0.9863939238321437 0.9994810137181798
0.9847319278346618 0.9994801143396994
0.9746794344808964 0.9984757144884154
0.9847319278346618 0.9994801143396997
0.9847319278346618 0.9994801143396995
0.960768922830523 1.0
0.9847319278346618 0.9994801143396994
0.9636241116594315 0.99998750023437
0.9847319278346618 0.9994801143396997
0.9863939238321437 0.9994810137181798
0.9999999999999999 0.9994801143396995
0.9847319278346618 0.9994801143396994
0.9847319278346618 0.9994801143396997
0.9847319278346618 0.9994801143396995
0.9847319278346618 0.9994801143396995
0.9607689228305227 1.0
0.9847319278346618 0.9994801143396994
0.9847319278346618 0.9994801143396994
1.0 0.9979337054699798
0.9636241116594315 0.99998750023437
0.9847319278346618 0.9994801143396995
1.0 0.9920641616972419
0.9847319278346618 0.9994801143396994
0.9607689228305227 1.0
0.9847319278346618 0.9994801143396995
0.9863939238321437 0.9994810137181798
0.9847319278346618 0.9994801143396994
0.9636241116594315 0.99998750023437
0.9847319278346618 0.9994801143396995
0.9847319278346618 0.9994801143396994
0.9636241116594315 0.99998750023437
0.9847319278346618 0.9994801143396995
0.9847319278346618 0.9994801143396995
0.9847319278346618 0.9994801143396995
0.9847319278346618 0.9994801143396995
0.9847319278346618 0.9994801143396995
0.9863939238321437 0.9994810137181798
0.9847319278346618 0.9994801143396994
0.9847319278346618 0.9994801143396994
0.9847319278346618 0.9994801143396994
0.9847319278346618 0.9994801143396995
0.9847319278346618 0.9994801143396995
0.9847319278346618 0.9994801143396995
0.9847319278346618 0.9994801143396994
0.9847319278346618 0.9994801143396997
