0.9999999999999999 0.9899494936611664
0.9999999999999999 0.9899494936611664
0.7721099961494129 0.8821364790264655
0.7721099961494129 0.8821364790264655
0.9999999999999999 0.9899494936611664
0.9999999999999999 0.9899494936611664
0.9999999999999999 0.9899494936611664
0.9131425765341167 0.9457921909362077
1.0 0.9838699100999074
1.0 0.9838699100999074
0.9459053029269172 0.9707253433941511
0.9999999999999999 0.9899494936611664
1.0 0.9838699100999074
0.9999999999999999 0.9899494936611664
1.0 0.9771071235928815
0.9999999999999999 0.9899494936611664
0.9999999999999999 0.9899494936611664
0.9999999999999999 0.9899494936611664
0.9999999999999999 0.9899494936611664
0.9999999999999999 0.9899494936611664
0.8918825850158447 0.9186648293388453
0.9999999999999999 0.9899494936611664
0.9459053029269172 0.9707253433941511
0.9999999999999999 0.9899494936611664
0.7721099961494129 0.8796694631393784
1.0 0.9838699100999074
0.9459053029269172 0.9707253433941511
0.9999999999999999 0.9899494936611664
0.9999999999999999 0.9899494936611664
0.9999999999999999 0.9899494936611664
0.9459053029269172 0.9707253433941511
0.9999999999999999 0.9899494936611664
0.9999999999999999 0.9899494936611664
0.9888264649460883 0.977393827736516
1.0 0.9735085561076324
0.9999999999999999 0.9899494936611664
0.9999999999999999 0.9899494936611664
0.9999999999999999 0.9899494936611664
1.0 0.9771071235928815
0.9999999999999999 0.9899494936611664
0.9999999999999999 0.9899494936611664
0.9999999999999999 0.9899494936611664
0.9653072991634227 0.9494253265550826
0.9999999999999999 0.9899494936611664
0.9999999999999999 0.9899494936611664
1.0 0.9771071235928815
0.7721099961494129 0.8796694631393784
0.9459053029269172 0.9707253433941511
0.9999999999999999 0.9899494936611664
0.8401680504168059 0.8696775751801311
1.0 0.9838699100999074
1.0 0.9838699100999074
1.0 0.9838699100999074
0.9999999999999999 0.9899494936611664
0.9999999999999999 0.9899494936611664
0.9999999999999999 0.9899494936611664
1.0 0.9771071235928815
0.9653072991634227 0.9494253265550826
0.9999999999999999 0.9899494936611664
0.9999999999999999 0.9899494936611664
0.7721099961494129 0.8821364790264655
0.9459053029269172 0.9707253433941511
1.0 0.9771071235928815
0.9999999999999999 0.9899494936611664
0.9999999999999999 0.9899494936611664
0.9999999999999999 0.9899494936611664
0.9999999999999999 0.9899494936611664
1.0 0.9838699100999074
0.9653072991634227 0.9494253265550826
0.9999999999999999 0.9899494936611664
0.9999999999999999 0.9899494936611664
0.9999999999999999 0.9899494936611664
1.0 1.0000000000000002
0.9999999999999999 0.9899494936611664
0.9999999999999999 0.9899494936611664
0.9999999999999999 0.9899494936611664
0.9999999999999999 0.9899494936611664
0.9999999999999999 0.9899494936611664
0.9999999999999999 0.9899494936611664
1.0 0.9771071235928815
0.9999999999999999 0.9899494936611664
0.9999999999999999 0.9899494936611664
0.9999999999999999 0.9899494936611664
0.9653072991634227 0.9494253265550826
0.9999999999999999 0.9899494936611664
0.7721099961494129 0.8821364790264655
1.0 0.9838699100999074
1.0 0.9838699100999074
0.9013878188659974 0.9184627826763107
0.9999999999999999 0.9899494936611664
1.0 0.9771071235928815
0.9999999999999999 0.9899494936611664
0.9999999999999999 0.9899494936611664
0.9999999999999999 0.9899494936611664
1.0 0.9771071235928815
0.9999999999999999 0.9899494936611664
0.9999999999999999 0.9899494936611664
1.0 0.9838699100999074
0.9999999999999999 0.9899494936611664
0.9999999999999999 0.9899494936611664
0.9999999999999999 0.9899494936611664
0.9999999999999999 0.9899494936611664
0.9999999999999999 0.9899494936611664
0.9999999999999999 0.9899494936611664
0.9999999999999999 0.9899494936611664
1.0 0.9838699100999074
0.9999999999999999 0.9899494936611664
1.0 0.9925833339709303
0.9999999999999999 0.9899494936611664
0.9888264649460883 0.977393827736516
0.9999999999999999 0.9899494936611664
0.9999999999999999 0.9899494936611664
0.9999999999999999 0.9899494936611664
0.9999999999999999 0.9899494936611664
0.9999999999999999 0.9899494936611664
0.9999999999999999 0.9899494936611664
0.9999999999999999 0.9899494936611664
0.9999999999999999 0.9899494936611664
1.0 0.9771071235928815
0.9999999999999999 0.9899494936611664
0.9459053029269172 0.9707253433941511
0.9999999999999999 0.9899494936611664
0.9999999999999999 0.9899494936611664
0.9999999999999999 0.9899494936611664
0.9459053029269172 0.9707253433941511
0.9999999999999999 0.9899494936611664
0.9999999999999999 0.9899494936611664
0.9999999999999999 0.9899494936611664
1.0 0.9771071235928815
1.0 1.0000000000000002
0.9999999999999999 0.9899494936611664
0.9999999999999999 0.9899494936611664
0.9999999999999999 0.9899494936611664
0.9999999999999999 0.9899494936611664
0.9888264649460883 0.977393827736516
0.9999999999999999 0.9899494936611664
0.9999999999999999 0.9899494936611664
0.9999999999999999 0.9899494936611664
0.7721099961494129 0.8821364790264655
0.9999999999999999 0.9899494936611664
0.9999999999999999 0.9899494936611664
0.9888264649460883 0.977393827736516
0.9999999999999999 0.9899494936611664
1.0 0.9838699100999074
1.0 0.9771071235928815
0.9999999999999999 0.9899494936611664
0.9653072991634227 0.9494253265550826
0.9999999999999999 0.9899494936611664
1.0 0.9925833339709303
1.0 0.9838699100999074
0.9999999999999999 0.9899494936611664
0.9999999999999999 0.9899494936611664
0.9999999999999999 0.9899494936611664
0.9999999999999999 0.9899494936611664
0.9999999999999999 0.9899494936611664
0.9999999999999999 0.9899494936611664
1.0 0.9771071235928815
0.9999999999999999 0.9899494936611664
0.9999999999999999 0.9899494936611664
0.9459053029269172 0.9707253433941511
0.9999999999999999 0.9899494936611664
0.9999999999999999 0.9899494936611664
0.9459053029269172 0.9707253433941511
1.0 0.9838699100999074
0.9999999999999999 0.9899494936611664
0.9999999999999999 0.9899494936611664
1.0 0.9771071235928815
0.9999999999999999 0.9899494936611664
0.9459053029269172 0.9707253433941511
1.0 0.9771071235928815
0.9999999999999999 0.9899494936611664
0.9999999999999999 0.9899494936611664
0.9999999999999999 0.9899494936611664
0.9999999999999999 0.9899494936611664
0.9459053029269172 0.9707253433941511
0.9999999999999999 0.9899494936611664
0.9999999999999999 0.9899494936611664
0.9999999999999999 0.9899494936611664
0.9999999999999999 0.9899494936611664
1.0 0.9838699100999074
1.0 0.9925833339709303
0.9999999999999999 0.9899494936611664
0.9999999999999999 0.9899494936611664
0.9999999999999999 0.9899494936611664
0.9999999999999999 0.9899494936611664
0.9999999999999999 0.9899494936611664
0.9999999999999999 0.9899494936611664
1.0 0.9771071235928815
0.9999999999999999 0.9899494936611664
0.9999999999999999 0.9899494936611664
0.9459053029269172 0.9707253433941511
0.9999999999999999 0.9899494936611664
1.0 0.9771071235928815
1.0 0.9771071235928815
0.9999999999999999 0.9899494936611664
0.9999999999999999 0.9899494936611664
1.0 0.9838699100999074
0.9999999999999999 0.9899494936611664
0.9999999999999999 0.9899494936611664
1.0 1.0000000000000002
0.9999999999999999 0.9899494936611664
0.9653072991634227 0.9494253265550826
1.0 0.9771071235928815
0.9999999999999999 0.9899494936611664
0.9999999999999999 0.9899494936611664
0.9999999999999999 0.9899494936611664
1.0 0.9838699100999074
0.9354143466934854 0.9324186024859114
0.9999999999999999 0.9899494936611664
0.9999999999999999 0.9899494936611664
0.9999999999999999 0.9899494936611664
0.9999999999999999 0.9899494936611664
1.0 0.9838699100999074
0.9999999999999999 0.9899494936611664
0.9999999999999999 0.9899494936611664
0.9999999999999999 0.9899494936611664
0.9459053029269172 0.9707253433941511
0.9999999999999999 0.9899494936611664
0.9999999999999999 0.9899494936611664
0.9999999999999999 0.9899494936611664
1.0 0.9771071235928815
0.9653072991634227 0.9494253265550826
1.0 0.9838699100999074
0.9999999999999999 0.9899494936611664
1.0 0.9771071235928815
1.0 0.9838699100999074
0.9999999999999999 0.9899494936611664
1.0 0.9771071235928815
0.9999999999999999 0.9899494936611664
0.9999999999999999 0.9899494936611664
0.9999999999999999 0.9899494936611664
0.9999999999999999 0.9899494936611664
0.9999999999999999 0.9899494936611664
0.7637626158259733 0.848367780597815
0.9999999999999999 0.9899494936611664
0.9999999999999999 0.9899494936611664
0.9999999999999999 0.9899494936611664
1.0 0.9838699100999074
0.9888264649460883 0.977393827736516
0.9999999999999999 0.9899494936611664
0.9459053029269172 0.9707253433941511
0.9999999999999999 0.9899494936611664
0.9131425765341167 0.9457921909362077
0.9999999999999999 0.9899494936611664
0.9999999999999999 0.9899494936611664
0.9999999999999999 0.9899494936611664
0.7721099961494129 0.8821364790264655
0.9999999999999999 0.9899494936611664
1.0 0.9771071235928815
1.0 0.9771071235928815
1.0 1.0000000000000002
0.9459053029269172 0.9707253433941511
0.9999999999999999 0.9899494936611664
0.9999999999999999 0.9899494936611664
0.9999999999999999 0.9899494936611664
1.0 0.9925833339709303
0.9999999999999999 0.9899494936611664
0.9459053029269172 0.9707253433941511
0.9999999999999999 0.9899494936611664
0.9999999999999999 0.9899494936611664
0.9999999999999999 0.9899494936611664
0.9999999999999999 0.9899494936611664
0.9999999999999999 0.9899494936611664
1.0 0.9838699100999074
0.9999999999999999 0.9899494936611664
0.9999999999999999 0.9899494936611664
1.0 0.9838699100999074
0.9999999999999999 0.9899494936611664
1.0 0.9838699100999074
0.7637626158259733 0.848367780597815
1.0 0.9838699100999074
0.9999999999999999 0.9899494936611664
0.9999999999999999 0.9899494936611664
0.9999999999999999 0.9899494936611664
0.9999999999999999 0.9899494936611664
0.9999999999999999 0.9899494936611664
0.9999999999999999 0.9899494936611664
0.9999999999999999 0.9899494936611664
0.9753048303966929 0.974480581181983
1.0 0.9771071235928815
0.9999999999999999 0.9899494936611664
1.0 0.9771071235928815
1.0 0.9735085561076324
0.9999999999999999 0.9899494936611664
0.9459053029269172 0.9707253433941511
0.9999999999999999 0.9899494936611664
0.9999999999999999 0.9899494936611664
0.9999999999999999 0.9899494936611664
0.9999999999999999 0.9899494936611664
0.9999999999999999 0.9899494936611664
0.9999999999999999 0.9899494936611664
0.7637626158259733 0.848367780597815
0.9999999999999999 0.9899494936611664
0.9459053029269172 0.9707253433941511
1.0 0.9925833339709303
0.9459053029269172 0.9707253433941511
0.9999999999999999 0.9899494936611664
0.9999999999999999 0.9899494936611664
0.9999999999999999 0.9899494936611664
0.9999999999999999 0.9899494936611664
1.0 0.9838699100999074
0.9999999999999999 0.9899494936611664
0.9999999999999999 0.9899494936611664
0.9999999999999999 0.9899494936611664
1.0 0.9838699100999074
0.9999999999999999 0.9899494936611664
0.9459053029269172 0.9707253433941511
0.9999999999999999 0.9899494936611664
0.9459053029269172 0.9707253433941511
1.0 0.9838699100999074
0.9999999999999999 0.9899494936611664
0.9999999999999999 0.9899494936611664
0.9999999999999999 0.9899494936611664
0.9999999999999999 0.9899494936611664
0.9999999999999999 0.9899494936611664
1.0 0.9838699100999074
0.9999999999999999 0.9899494936611664
0.9999999999999999 0.9899494936611664
1.0 0.9771071235928815
0.9999999999999999 0.9899494936611664
1.0 0.9838699100999074
0.9999999999999999 0.9899494936611664
0.9653072991634227 0.9494253265550826
0.9999999999999999 0.9899494936611664
0.9999999999999999 0.9899494936611664
0.9999999999999999 0.9899494936611664
0.9999999999999999 0.9899494936611664
0.9459053029269172 0.9707253433941511
1.0 0.9838699100999074
1.0 0.9771071235928815
0.9999999999999999 0.9899494936611664
0.9999999999999999 0.9899494936611664
0.9999999999999999 0.9899494936611664
0.9999999999999999 0.9899494936611664
1.0 0.9925833339709303
1.0 0.9735085561076324
0.9459053029269172 0.9707253433941511
0.9459053029269172 0.9707253433941511
1.0 0.9925833339709303
0.9999999999999999 0.9899494936611664
0.9999999999999999 0.9899494936611664
0.9999999999999999 0.9899494936611664
1.0 1.0000000000000002
0.9999999999999999 0.9899494936611664
0.9999999999999999 0.9899494936611664
0.9999999999999999 0.9899494936611664
0.9999999999999999 0.9899494936611664
1.0 1.0000000000000002
0.9999999999999999 0.9899494936611664
0.9999999999999999 0.9899494936611664
1.0 0.9771071235928815
0.9999999999999999 0.9899494936611664
1.0 0.9838699100999074
0.9999999999999999 0.9899494936611664
1.0 0.9771071235928815
0.9999999999999999 0.9899494936611664
1.0 0.9771071235928815
0.9999999999999999 0.9899494936611664
0.9999999999999999 0.9899494936611664
1.0 0.9771071235928815
0.9999999999999999 0.9899494936611664
0.9999999999999999 0.9899494936611664
0.9999999999999999 0.9899494936611664
1.0 0.9735085561076324
1.0 0.9925833339709303
0.9999999999999999 0.9899494936611664
0.9999999999999999 0.9899494936611664
0.9999999999999999 0.9899494936611664
0.9999999999999999 0.9899494936611664
0.9999999999999999 0.9899494936611664
1.0 0.9771071235928815
0.9999999999999999 0.9899494936611664
0.9999999999999999 0.9899494936611664
0.9653072991634227 0.9494253265550826
1.0 0.9838699100999074
0.9999999999999999 0.9899494936611664
0.9999999999999999 0.9899494936611664
0.9999999999999999 0.9899494936611664
1.0 1.0000000000000002
1.0 1.0000000000000002
0.9999999999999999 0.9899494936611664
0.9999999999999999 0.9899494936611664
0.9999999999999999 0.9899494936611664
0.9999999999999999 0.9899494936611664
0.9459053029269172 0.9707253433941511
0.9999999999999999 0.9899494936611664
0.9459053029269172 0.9707253433941511
0.9459053029269172 0.9707253433941511
1.0 0.9838699100999074
0.9999999999999999 0.9899494936611664
0.9999999999999999 0.9899494936611664
0.9999999999999999 0.9899494936611664
1.0 0.9771071235928815
0.9999999999999999 0.9899494936611664
0.9999999999999999 0.9899494936611664
0.9999999999999999 0.9899494936611664
0.9999999999999999 0.9899494936611664
0.9459053029269172 0.9707253433941511
0.9999999999999999 0.9899494936611664
0.9999999999999999 0.9899494936611664
1.0 0.9838699100999074
0.9999999999999999 0.9899494936611664
0.9999999999999999 0.9899494936611664
0.9999999999999999 0.9899494936611664
0.9999999999999999 0.9899494936611664
0.9999999999999999 0.9899494936611664
0.9999999999999999 0.9899494936611664
1.0 0.9838699100999074
1.0 0.9771071235928815
0.9999999999999999 0.9899494936611664
0.9999999999999999 0.9899494936611664
0.9999999999999999 0.9899494936611664
0.9999999999999999 0.9899494936611664
0.9999999999999999 0.9899494936611664
0.9999999999999999 0.9899494936611664
0.9780192938436515 0.9256499146536403
0.9999999999999999 0.9899494936611664
0.9999999999999999 0.9899494936611664
1.0 0.9838699100999074
0.9999999999999999 0.9899494936611664
0.9653072991634227 0.9494253265550826
0.9999999999999999 0.9899494936611664
0.9999999999999999 0.9899494936611664
0.9999999999999999 0.9899494936611664
1.0 0.9735085561076324
0.9999999999999999 0.9899494936611664
1.0 0.9771071235928815
1.0 0.9771071235928815
1.0 0.9838699100999074
1.0 0.9838699100999074
0.9459053029269172 0.9707253433941511
0.9999999999999999 0.9899494936611664
0.9999999999999999 0.9899494936611664
0.9999999999999999 0.9899494936611664
0.9999999999999999 0.9899494936611664
1.0 0.9771071235928815
0.9999999999999999 0.9899494936611664
1.0 0.9925833339709303
0.9999999999999999 0.9899494936611664
0.9888264649460883 0.977393827736516
0.9999999999999999 0.9899494936611664
0.9999999999999999 0.9899494936611664
0.9999999999999999 0.9899494936611664
0.9999999999999999 0.9899494936611664
0.9999999999999999 0.9899494936611664
0.9999999999999999 0.9899494936611664
0.9999999999999999 0.9899494936611664
1.0 0.9838699100999074
1.0 0.9838699100999074
1.0 0.9771071235928815
0.9999999999999999 0.9899494936611664
1.0 0.9838699100999074
0.9999999999999999 0.9899494936611664
1.0 0.9771071235928815
0.9999999999999999 0.9899494936611664
1.0 0.9771071235928815
0.7721099961494129 0.8821364790264655
1.0 0.9771071235928815
0.9999999999999999 0.9899494936611664
0.9999999999999999 0.9899494936611664
0.9999999999999999 0.9899494936611664
1.0 0.9771071235928815
1.0 0.9771071235928815
1.0 0.9925833339709303
1.0 0.9771071235928815
1.0 0.9838699100999074
0.9999999999999999 0.9899494936611664
0.9999999999999999 0.9899494936611664
0.9999999999999999 0.9899494936611664
0.9999999999999999 0.9899494936611664
1.0 0.9925833339709303
0.9999999999999999 0.9899494936611664
0.9999999999999999 0.9899494936611664
0.9999999999999999 0.9899494936611664
0.8918825850158447 0.9186648293388453
0.9459053029269172 0.9707253433941511
0.9354143466934854 0.9678034086853332
0.9888264649460883 0.977393827736516
0.9999999999999999 0.9899494936611664
0.9999999999999999 0.9899494936611664
1.0 0.9771071235928815
0.9999999999999999 0.9899494936611664
0.9999999999999999 0.9899494936611664
1.0 0.9771071235928815
0.9999999999999999 0.9899494936611664
0.9999999999999999 0.9899494936611664
0.9999999999999999 0.9899494936611664
0.9999999999999999 0.9899494936611664
0.9999999999999999 0.9899494936611664
1.0 0.9838699100999074
1.0 0.9771071235928815
0.9999999999999999 0.9899494936611664
0.9999999999999999 0.9899494936611664
0.9459053029269172 0.9707253433941511
0.9653072991634227 0.9494253265550826
1.0 0.9838699100999074
0.9999999999999999 0.9899494936611664
0.9999999999999999 0.9899494936611664
1.0 0.9838699100999074
0.9999999999999999 0.9899494936611664
1.0 0.9771071235928815
1.0 0.9838699100999074
0.9999999999999999 0.9899494936611664
0.9999999999999999 0.9899494936611664
0.9459053029269172 0.9707253433941511
1.0 0.9838699100999074
0.9999999999999999 0.9899494936611664
0.8435273922869735 0.9504474629689158
0.9999999999999999 0.9899494936611664
0.9999999999999999 0.9899494936611664
0.9999999999999999 0.9899494936611664
0.9999999999999999 0.9899494936611664
0.9999999999999999 0.9899494936611664
0.9999999999999999 0.9899494936611664
0.9999999999999999 0.9899494936611664
0.9999999999999999 0.9899494936611664
0.9999999999999999 0.9899494936611664
0.9653072991634227 0.9494253265550826
0.9999999999999999 0.9899494936611664
0.9999999999999999 0.9899494936611664
0.9459053029269172 0.9707253433941511
0.9999999999999999 0.9899494936611664
0.9999999999999999 0.9899494936611664
0.9999999999999999 0.9899494936611664
0.9999999999999999 0.9899494936611664
0.9999999999999999 0.9899494936611664
0.9999999999999999 0.9899494936611664
0.9999999999999999 0.9899494936611664
0.9999999999999999 0.9899494936611664
0.9999999999999999 0.9899494936611664
0.9999999999999999 0.9899494936611664
0.9999999999999999 0.9899494936611664
0.9459053029269172 0.9707253433941511
1.0 0.9838699100999074
0.9999999999999999 0.9899494936611664
0.9999999999999999 0.9899494936611664
0.9999999999999999 0.9899494936611664
0.9999999999999999 0.9899494936611664
0.9999999999999999 0.9899494936611664
0.9999999999999999 0.9899494936611664
1.0 0.9771071235928815
0.9999999999999999 0.9899494936611664
0.9999999999999999 0.9899494936611664
0.9999999999999999 0.9899494936611664
0.9999999999999999 0.9899494936611664
0.9999999999999999 0.9899494936611664
0.9999999999999999 0.9899494936611664
0.9999999999999999 0.9899494936611664
0.9653072991634227 0.9494253265550826
0.9999999999999999 0.9899494936611664
0.9999999999999999 0.9899494936611664
0.9999999999999999 0.9899494936611664
0.9999999999999999 0.9899494936611664
0.9653072991634227 0.9494253265550826
0.9999999999999999 0.9899494936611664
1.0 0.9838699100999074
0.9999999999999999 0.9899494936611664
0.9999999999999999 0.9899494936611664
0.9999999999999999 0.9899494936611664
1.0 0.9771071235928815
1.0 0.9838699100999074
0.9999999999999999 0.9899494936611664
0.9999999999999999 0.9899494936611664
0.9999999999999999 0.9899494936611664
0.9999999999999999 0.9899494936611664
0.9999999999999999 0.9899494936611664
0.9999999999999999 0.9899494936611664
0.9999999999999999 0.9899494936611664
0.9999999999999999 0.9899494936611664
0.9999999999999999 0.9899494936611664
1.0 1.0000000000000002
0.9999999999999999 0.9899494936611664
0.9999999999999999 0.9899494936611664
0.9999999999999999 0.9899494936611664
0.9999999999999999 0.9899494936611664
0.9999999999999999 0.9899494936611664
0.9999999999999999 0.9899494936611664
0.9999999999999999 0.9899494936611664
0.9999999999999999 0.9899494936611664
0.7721099961494129 0.8796694631393784
0.9999999999999999 0.9899494936611664
0.9999999999999999 0.9899494936611664
0.9999999999999999 0.9899494936611664
0.9459053029269172 0.9707253433941511
1.0 1.0000000000000002
0.9999999999999999 0.9899494936611664
0.9999999999999999 0.9899494936611664
0.9999999999999999 0.9899494936611664
1.0 0.9838699100999074
0.9999999999999999 0.9899494936611664
1.0 0.9925833339709303
0.9999999999999999 0.9899494936611664
0.9999999999999999 0.9899494936611664
0.9459053029269172 0.9707253433941511
0.7721099961494129 0.8821364790264655
0.9999999999999999 0.9899494936611664
1.0 1.0000000000000002
1.0 0.9838699100999074
0.9999999999999999 0.9899494936611664
1.0 0.9838699100999074
1.0 1.0000000000000002
1.0 0.9735085561076324
0.9459053029269172 0.9707253433941511
0.9999999999999999 0.9899494936611664
0.9999999999999999 0.9899494936611664
0.9999999999999999 0.9899494936611664
0.9999999999999999 0.9899494936611664
0.9999999999999999 0.9899494936611664
0.9999999999999999 0.9899494936611664
1.0 0.9838699100999074
1.0 0.9771071235928815
0.9999999999999999 0.9899494936611664
1.0 1.0000000000000002
0.9999999999999999 0.9899494936611664
0.9999999999999999 0.9899494936611664
1.0 0.9735085561076324
0.9459053029269172 0.9707253433941511
1.0 0.9838699100999074
0.9999999999999999 0.9899494936611664
1.0 1.0000000000000002
0.9999999999999999 0.9899494936611664
1.0 0.9771071235928815
0.9999999999999999 0.9899494936611664
0.9999999999999999 0.9899494936611664
0.9999999999999999 0.9899494936611664
0.9999999999999999 0.9899494936611664
0.9999999999999999 0.9899494936611664
0.9999999999999999 0.9899494936611664
0.9999999999999999 0.9899494936611664
0.9999999999999999 0.9899494936611664
1.0 0.9838699100999074
1.0 1.0000000000000002
0.9999999999999999 0.9899494936611664
0.9999999999999999 0.9899494936611664
0.9999999999999999 0.9899494936611664
0.9653072991634227 0.9494253265550826
0.7721099961494129 0.8796694631393784
0.9999999999999999 0.9899494936611664
0.9999999999999999 0.9899494936611664
0.9459053029269172 0.9707253433941511
0.9999999999999999 0.9899494936611664
0.9999999999999999 0.9899494936611664
0.9999999999999999 0.9899494936611664
0.9999999999999999 0.9899494936611664
0.9780192938436515 0.9256499146536403
1.0 0.9838699100999074
0.9753048303966929 0.974480581181983
0.9999999999999999 0.9899494936611664
1.0 0.9771071235928815
0.9999999999999999 0.9899494936611664
0.9999999999999999 0.9899494936611664
0.9999999999999999 0.9899494936611664
0.9999999999999999 0.9899494936611664
0.9999999999999999 0.9899494936611664
0.9999999999999999 0.9899494936611664
1.0 0.9771071235928815
0.9999999999999999 0.9899494936611664
0.9999999999999999 0.9899494936611664
0.9999999999999999 0.9899494936611664
1.0 0.9838699100999074
0.9999999999999999 0.9899494936611664
0.9999999999999999 0.9899494936611664
0.9459053029269172 0.9707253433941511
0.9999999999999999 0.9899494936611664
1.0 0.9771071235928815
0.9999999999999999 0.9899494936611664
0.9999999999999999 0.9899494936611664
0.9999999999999999 0.9899494936611664
0.9999999999999999 0.9899494936611664
0.9999999999999999 0.9899494936611664
1.0 0.9838699100999074
0.9999999999999999 0.9899494936611664
0.9459053029269172 0.9707253433941511
0.9999999999999999 0.9899494936611664
1.0 0.9771071235928815
0.9999999999999999 0.9899494936611664
0.9999999999999999 0.9899494936611664
0.9999999999999999 0.9899494936611664
0.9999999999999999 0.9899494936611664
0.9999999999999999 0.9899494936611664
0.9999999999999999 0.9899494936611664
1.0 0.9771071235928815
0.9999999999999999 0.9899494936611664
1.0 0.9838699100999074
0.9999999999999999 0.9899494936611664
1.0 0.9838699100999074
1.0 0.9735085561076324
0.9999999999999999 0.9899494936611664
1.0 0.9735085561076324
0.9459053029269172 0.9707253433941511
0.9459053029269172 0.9707253433941511
0.9999999999999999 0.9899494936611664
0.9999999999999999 0.9899494936611664
0.9999999999999999 0.9899494936611664
0.9999999999999999 0.9899494936611664
1.0 0.9838699100999074
0.9999999999999999 0.9899494936611664
1.0 0.9771071235928815
0.9459053029269172 0.9707253433941511
0.9999999999999999 0.9899494936611664
1.0 0.9771071235928815
0.9999999999999999 0.9899494936611664
0.9999999999999999 0.9899494936611664
0.9459053029269172 0.9707253433941511
1.0 0.9771071235928815
0.9999999999999999 0.9899494936611664
0.9999999999999999 0.9899494936611664
0.9999999999999999 0.9899494936611664
0.9999999999999999 0.9899494936611664
0.9999999999999999 0.9899494936611664
0.9999999999999999 0.9899494936611664
0.9999999999999999 0.9899494936611664
0.9653072991634227 0.9494253265550826
0.9999999999999999 0.9899494936611664
0.9999999999999999 0.9899494936611664
0.9999999999999999 0.9899494936611664
0.9999999999999999 0.9899494936611664
0.9999999999999999 0.9899494936611664
0.9999999999999999 0.9899494936611664
1.0 0.9838699100999074
0.9999999999999999 0.9899494936611664
0.9459053029269172 0.9707253433941511
0.9999999999999999 0.9899494936611664
0.9999999999999999 0.9899494936611664
0.9999999999999999 0.9899494936611664
0.9999999999999999 0.9899494936611664
0.9999999999999999 0.9899494936611664
0.9999999999999999 0.9899494936611664
0.9999999999999999 0.9899494936611664
0.9999999999999999 0.9899494936611664
0.9999999999999999 0.9899494936611664
0.9999999999999999 0.9899494936611664
0.9459053029269172 0.9707253433941511
0.9459053029269172 0.9707253433941511
0.9999999999999998 1.0
0.9459053029269172 0.9707253433941511
0.9653072991634227 0.9494253265550826
0.9999999999999999 0.9899494936611664
1.0 0.9771071235928815
1.0 0.9925833339709303
1.0 0.9925833339709303
1.0 0.9838699100999074
0.9459053029269172 0.9707253433941511
0.9999999999999999 0.9899494936611664
1.0 0.9838699100999074
0.8918825850158447 0.9186648293388453
0.9999999999999999 0.9899494936611664
0.9999999999999999 0.9899494936611664
0.9999999999999999 0.9899494936611664
0.9999999999999999 0.9899494936611664
0.8918825850158447 0.9186648293388453
0.9999999999999999 0.9899494936611664
1.0 0.9838699100999074
0.9999999999999999 0.9899494936611664
1.0 0.9838699100999074
0.9999999999999999 0.9899494936611664
0.9999999999999999 0.9899494936611664
0.9999999999999999 0.9899494936611664
0.9999999999999999 0.9899494936611664
0.9999999999999999 0.9899494936611664
0.9999999999999999 0.9899494936611664
1.0 0.9735085561076324
0.9999999999999999 0.9899494936611664
0.9999999999999999 0.9899494936611664
0.9999999999999999 0.9899494936611664
0.9999999999999999 0.9899494936611664
0.9999999999999999 0.9899494936611664
0.9999999999999999 0.9899494936611664
0.9999999999999999 0.9899494936611664
0.9999999999999999 0.9899494936611664
0.9999999999999999 0.9899494936611664
0.9999999999999999 0.9899494936611664
1.0 0.9735085561076324
0.9999999999999999 0.9899494936611664
0.9999999999999999 0.9899494936611664
0.9999999999999999 0.9899494936611664
0.9459053029269172 0.9707253433941511
0.9999999999999999 0.9899494936611664
0.9999999999999999 0.9899494936611664
0.9999999999999999 0.9899494936611664
0.9999999999999999 0.9899494936611664
1.0 0.9838699100999074
0.9999999999999999 0.9899494936611664
1.0 0.9847319278346619
0.9999999999999999 0.9899494936611664
0.9459053029269172 0.9707253433941511
1.0 1.0000000000000002
0.9999999999999999 0.9899494936611664
0.9999999999999999 0.9899494936611664
1.0 0.9735085561076324
0.8918825850158447 0.9186648293388453
0.9999999999999999 0.9899494936611664
0.9999999999999999 0.9899494936611664
0.9999999999999999 0.9899494936611664
0.9999999999999999 0.9899494936611664
1.0 0.9925833339709303
0.9999999999999999 0.9899494936611664
0.9999999999999999 0.9899494936611664
1.0 0.9838699100999074
1.0 0.9838699100999074
0.9999999999999999 0.9899494936611664
0.9999999999999999 0.9899494936611664
0.9999999999999999 0.9899494936611664
0.9999999999999999 0.9899494936611664
0.9999999999999999 0.9899494936611664
1.0 0.9771071235928815
0.9999999999999999 0.9899494936611664
0.9999999999999999 0.9899494936611664
0.9999999999999999 0.9899494936611664
0.9999999999999999 0.9899494936611664
0.9999999999999999 0.9899494936611664
0.9999999999999999 0.9899494936611664
1.0 0.9838699100999074
0.9999999999999999 0.9899494936611664
1.0 0.9925833339709303
0.9999999999999999 0.9899494936611664
0.7721099961494129 0.8821364790264655
0.9999999999999999 0.9899494936611664
0.9999999999999999 0.9899494936611664
0.9653072991634227 0.9494253265550826
0.9999999999999999 0.9899494936611664
0.9999999999999999 0.9899494936611664
1.0 0.9771071235928815
0.9999999999999999 0.9899494936611664
0.9999999999999999 0.9899494936611664
0.9999999999999999 0.9899494936611664
0.9999999999999999 0.9899494936611664
0.9999999999999999 0.9899494936611664
0.9999999999999999 0.9899494936611664
0.9999999999999999 0.9899494936611664
0.9999999999999999 0.9899494936611664
0.9999999999999999 0.9899494936611664
0.9999999999999999 0.9899494936611664
1.0 0.9771071235928815
0.9999999999999999 0.9899494936611664
1.0 1.0000000000000002
1.0 1.0000000000000002
0.9999999999999999 0.9899494936611664
0.9653072991634227 0.9494253265550826
1.0 0.9838699100999074
1.0 0.9838699100999074
0.9999999999999999 0.9899494936611664
1.0 0.9838699100999074
0.9999999999999999 0.9899494936611664
0.9523532664857336 0.9646478849492359
1.0 0.9838699100999074
0.9999999999999999 0.9899494936611664
0.9999999999999999 0.9899494936611664
1.0 0.9771071235928815
1.0 0.9838699100999074
0.9999999999999999 0.9899494936611664
0.9459053029269172 0.9707253433941511
0.8918825850158447 0.9186648293388453
0.9459053029269172 0.9707253433941511
0.9459053029269172 0.9707253433941511
0.9459053029269172 0.9707253433941511
0.9999999999999999 0.9899494936611664
0.9999999999999999 0.9899494936611664
0.9999999999999999 0.9899494936611664
0.9999999999999999 0.9899494936611664
1.0 0.9771071235928815
0.9999999999999999 0.9899494936611664
0.9999999999999999 0.9899494936611664
1.0 0.9771071235928815
0.9999999999999999 0.9899494936611664
0.9999999999999999 0.9899494936611664
0.9999999999999999 0.9899494936611664
0.9999999999999999 0.9899494936611664
0.8401680504168059 0.8696775751801311
0.9999999999999999 0.9899494936611664
0.9999999999999999 0.9899494936611664
0.9999999999999999 0.9899494936611664
0.9999999999999999 0.9899494936611664
0.9999999999999999 0.9899494936611664
1.0 0.9838699100999074
0.9999999999999999 0.9899494936611664
1.0 0.9838699100999074
0.9999999999999999 0.9899494936611664
0.9999999999999999 0.9899494936611664
0.9999999999999999 0.9899494936611664
1.0 0.9771071235928815
1.0 0.9771071235928815
0.9653072991634227 0.9494253265550826
0.9999999999999999 0.9899494936611664
0.9999999999999999 0.9899494936611664
0.9999999999999999 0.9899494936611664
0.9999999999999999 0.9899494936611664
0.9999999999999999 0.9899494936611664
0.9999999999999999 0.9899494936611664
0.9999999999999999 0.9899494936611664
1.0 0.9838699100999074
0.9999999999999999 0.9899494936611664
0.9999999999999999 0.9899494936611664
1.0 0.9838699100999074
0.9999999999999999 0.9899494936611664
0.9999999999999999 0.9899494936611664
0.9999999999999999 0.9899494936611664
0.9999999999999999 0.9899494936611664
0.9459053029269172 0.9707253433941511
1.0 0.9771071235928815
0.9999999999999999 0.9899494936611664
0.9999999999999999 0.9899494936611664
0.9999999999999999 0.9899494936611664
0.9999999999999999 0.9899494936611664
1.0 0.9838699100999074
0.9653072991634227 0.9494253265550826
0.9999999999999999 0.9899494936611664
0.9999999999999999 0.9899494936611664
0.9999999999999999 0.9899494936611664
0.7721099961494129 0.8821364790264655
1.0 0.9771071235928815
0.9999999999999999 0.9899494936611664
0.9999999999999999 0.9899494936611664
0.9999999999999999 0.9899494936611664
0.9999999999999999 0.9899494936611664
0.9999999999999999 0.9899494936611664
0.9999999999999999 0.9899494936611664
0.9459053029269172 0.9707253433941511
0.9999999999999999 0.9899494936611664
0.9999999999999999 0.9899494936611664
0.9999999999999999 0.9899494936611664
0.9999999999999999 0.9899494936611664
0.9999999999999999 0.9899494936611664
1.0 0.9838699100999074
0.9999999999999999 0.9899494936611664
0.9999999999999999 0.9899494936611664
0.9999999999999999 0.9899494936611664
0.9999999999999999 0.9899494936611664
0.9999999999999999 0.9899494936611664
0.9999999999999999 0.9899494936611664
0.9888264649460883 0.977393827736516
0.9999999999999999 0.9899494936611664
1.0 1.0000000000000002
0.9999999999999999 0.9899494936611664
0.9999999999999999 0.9899494936611664
1.0 0.9735085561076324
0.9999999999999999 0.9899494936611664
0.9459053029269172 0.9707253433941511
0.9999999999999999 0.9899494936611664
1.0 0.9838699100999074
0.9459053029269172 0.9707253433941511
1.0 0.9838699100999074
0.9999999999999999 0.9899494936611664
0.9999999999999999 0.9899494936611664
0.9999999999999999 0.9899494936611664
0.9354143466934854 0.9678034086853332
0.9999999999999999 0.9899494936611664
0.9999999999999999 0.9899494936611664
0.9999999999999999 0.9899494936611664
0.9999999999999999 0.9899494936611664
1.0 0.9771071235928815
0.9999999999999999 0.9899494936611664
1.0 0.9838699100999074
0.9999999999999999 0.9899494936611664
1.0 0.9838699100999074
1.0 0.9771071235928815
0.9999999999999999 0.9899494936611664
0.9459053029269172 0.9707253433941511
0.9999999999999999 0.9899494936611664
0.9999999999999999 0.9899494936611664
1.0 1.0000000000000002
0.9999999999999999 0.9899494936611664
1.0 0.9838699100999074
0.9999999999999999 0.9899494936611664
1.0 0.9771071235928815
0.9999999999999999 0.9899494936611664
0.9999999999999999 0.9899494936611664
0.9999999999999999 0.9899494936611664
0.9999999999999999 0.9899494936611664
0.9999999999999999 0.9899494936611664
1.0 0.9925833339709303
0.9999999999999999 0.9899494936611664
0.9999999999999999 0.9899494936611664
0.9653072991634227 0.9494253265550826
1.0 0.9838699100999074
0.9999999999999999 0.9899494936611664
0.7721099961494129 0.8821364790264655
0.9999999999999999 0.9899494936611664
1.0 0.9925833339709303
0.9999999999999999 0.9899494936611664
1.0 0.9771071235928815
0.9999999999999999 0.9899494936611664
1.0 0.9838699100999074
0.9999999999999999 0.9899494936611664
0.9999999999999999 0.9899494936611664
1.0 0.9838699100999074
0.9999999999999999 0.9899494936611664
0.9999999999999999 0.9899494936611664
0.9999999999999999 0.9899494936611664
0.9999999999999999 0.9899494936611664
0.9999999999999999 0.9899494936611664
1.0 0.9771071235928815
0.9999999999999999 0.9899494936611664
0.9999999999999999 0.9899494936611664
0.9999999999999999 0.9899494936611664
0.9999999999999999 0.9899494936611664
0.9999999999999999 0.9899494936611664
0.9999999999999999 0.9899494936611664
0.9999999999999999 0.9899494936611664
0.9999999999999999 0.9899494936611664
