0.9847319278346618 0.9647638212377322
0.9847319278346618 0.9647638212377322
0.7721099961494129 0.8892102808271164
0.7721099961494129 0.8892102808271164
0.9847319278346618 0.9647638212377322
0.9847319278346618 0.9647638212377321
0.9847319278346618 0.9647638212377321
0.9258200997725515 0.9009739556258517
0.9636241116594315 0.9639926182060736
0.9636241116594315 0.9639926182060736
0.9219544457292885 0.9383148632568368
0.9847319278346618 0.9647638212377321
0.9636241116594315 0.9639926182060736
0.9847319278346618 0.9647638212377322
0.9863939238321437 0.9561828874675149
0.9847319278346618 0.9647638212377321
0.9847319278346618 0.9647638212377322
0.9847319278346618 0.9647638212377322
0.9847319278346618 0.9647638212377321
0.9847319278346618 0.9647638212377323
0.8819171036881969 0.900966171356462
0.9847319278346618 0.9647638212377321
0.9219544457292885 0.9383148632568366
0.9847319278346618 0.9647638212377322
0.7721099961494129 0.8834146213413768
0.9636241116594315 0.9639926182060736
0.9219544457292885 0.9383148632568368
0.9847319278346618 0.9647638212377322
0.9847319278346618 0.9647638212377321
0.9847319278346618 0.9647638212377321
0.9219544457292885 0.9383148632568368
0.9847319278346618 0.9647638212377322
0.9847319278346618 0.9647638212377323
0.9574271077563381 0.94638175660283
0.9888264649460883 0.9262521672071252
0.9847319278346618 0.9647638212377323
0.9847319278346618 0.9647638212377322
0.9847319278346618 0.9647638212377322
0.9863939238321437 0.9561828874675149
0.9847319278346618 0.9647638212377321
0.9847319278346618 0.9647638212377321
0.9847319278346618 0.9647638212377322
0.9653072991634227 0.9130293178267977
0.9847319278346618 0.9647638212377322
0.9847319278346618 0.9647638212377322
0.9863939238321437 0.9561828874675149
0.7721099961494129 0.8834146213413768
0.9219544457292885 0.9383148632568366
0.9847319278346618 0.9647638212377323
0.8401680504168059 0.8694624079243812
0.9636241116594315 0.9639926182060736
0.9636241116594315 0.9639926182060736
0.9636241116594315 0.9639926182060736
0.9847319278346618 0.9647638212377321
0.9847319278346618 0.9647638212377321
0.9847319278346618 0.9647638212377322
0.9863939238321437 0.9561828874675149
0.9653072991634227 0.9130293178267977
0.9847319278346618 0.9647638212377321
0.9847319278346618 0.9647638212377322
0.7721099961494129 0.8892102808271164
0.9219544457292885 0.9383148632568368
0.9863939238321437 0.9561828874675149
0.9847319278346618 0.9647638212377321
0.9847319278346618 0.9647638212377322
0.9847319278346618 0.9647638212377322
0.9847319278346618 0.9647638212377321
0.9636241116594315 0.9639926182060736
0.9653072991634227 0.9130293178267977
0.9847319278346618 0.9647638212377321
0.9847319278346618 0.9647638212377322
0.9847319278346618 0.9647638212377321
0.960768922830523 1.0
0.9847319278346618 0.9647638212377322
0.9847319278346618 0.9647638212377322
0.9847319278346618 0.9647638212377322
0.9847319278346618 0.9647638212377321
0.9847319278346618 0.9647638212377323
0.9847319278346618 0.9647638212377323
0.9863939238321437 0.9561828874675149
0.9847319278346618 0.9647638212377321
0.9847319278346618 0.9647638212377321
0.9847319278346618 0.9647638212377321
0.9653072991634227 0.9130293178267977
0.9847319278346618 0.9647638212377322
0.7721099961494129 0.8892102808271164
0.9636241116594315 0.9639926182060736
0.9636241116594315 0.9639926182060736
0.8921425711997711 0.8873945146362909
0.9847319278346618 0.9647638212377321
0.9863939238321437 0.9561828874675149
0.9847319278346618 0.9647638212377321
0.9847319278346618 0.9647638212377322
0.9847319278346618 0.9647638212377321
0.9863939238321437 0.9561828874675149
0.9847319278346618 0.9647638212377322
0.9847319278346618 0.9647638212377322
0.9636241116594315 0.9639926182060736
0.9847319278346618 0.9647638212377322
0.9847319278346618 0.9647638212377322
0.9847319278346618 0.9647638212377321
0.9847319278346618 0.9647638212377322
0.9847319278346618 0.9647638212377323
0.9847319278346618 0.9647638212377321
0.9847319278346618 0.9647638212377322
0.9636241116594315 0.9639926182060736
0.9847319278346618 0.9647638212377323
0.9607689228305227 0.9683296637314885
0.9847319278346618 0.9647638212377322
0.9574271077563381 0.94638175660283
0.9847319278346618 0.9647638212377322
0.9847319278346618 0.9647638212377321
0.9847319278346618 0.9647638212377321
0.9847319278346618 0.9647638212377322
0.9847319278346618 0.9647638212377322
0.9847319278346618 0.9647638212377322
0.9847319278346618 0.9647638212377323
0.9847319278346618 0.9647638212377321
0.9863939238321437 0.9561828874675149
0.9847319278346618 0.9647638212377323
0.9219544457292885 0.9383148632568368
0.9847319278346618 0.9647638212377322
0.9847319278346618 0.9647638212377322
0.9847319278346618 0.9647638212377322
0.9219544457292885 0.9383148632568368
0.9847319278346618 0.9647638212377322
0.9847319278346618 0.9647638212377321
0.9847319278346618 0.9647638212377323
0.9863939238321437 0.9561828874675149
0.9428090415820635 1.0
0.9847319278346618 0.9647638212377323
0.9847319278346618 0.9647638212377321
0.9847319278346618 0.9647638212377322
0.9847319278346618 0.9647638212377321
0.9574271077563381 0.94638175660283
0.9847319278346618 0.9647638212377322
0.9847319278346618 0.9647638212377323
0.9847319278346618 0.9647638212377322
0.7721099961494129 0.8892102808271164
0.9847319278346618 0.9647638212377321
0.9847319278346618 0.9647638212377322
0.9574271077563381 0.94638175660283
0.9847319278346618 0.9647638212377322
0.9636241116594315 0.9639926182060736
0.9863939238321437 0.9561828874675149
0.9847319278346618 0.9647638212377323
0.9653072991634227 0.9130293178267977
0.9847319278346618 0.9647638212377321
0.9607689228305227 0.9683296637314885
0.9636241116594315 0.9639926182060736
0.9999999999999999 0.9647638212377322
0.9847319278346618 0.9647638212377322
0.9847319278346618 0.9647638212377322
0.9847319278346618 0.9647638212377321
0.9847319278346618 0.9647638212377323
0.9847319278346618 0.9647638212377322
0.9863939238321437 0.9561828874675149
0.9847319278346618 0.9647638212377322
0.9847319278346618 0.9647638212377322
0.9219544457292885 0.9383148632568368
0.9847319278346618 0.9647638212377322
0.9847319278346618 0.9647638212377323
0.9219544457292885 0.9383148632568366
0.9636241116594315 0.9639926182060736
0.9847319278346618 0.9647638212377321
0.9847319278346618 0.9647638212377321
0.9863939238321437 0.9561828874675149
0.9847319278346618 0.9647638212377322
0.9219544457292885 0.9383148632568366
0.9863939238321437 0.9561828874675149
0.9847319278346618 0.9647638212377321
0.9847319278346618 0.9647638212377321
0.9847319278346618 0.9647638212377321
0.9847319278346618 0.9647638212377322
0.9219544457292885 0.9383148632568366
0.9847319278346618 0.9647638212377322
0.9847319278346618 0.9647638212377321
0.9847319278346618 0.9647638212377321
0.9847319278346618 0.9647638212377322
0.9636241116594315 0.9639926182060736
0.9607689228305227 0.9683296637314885
0.9847319278346618 0.9647638212377322
0.9847319278346618 0.9647638212377321
0.9847319278346618 0.9647638212377322
0.9847319278346618 0.9647638212377322
0.9847319278346618 0.9647638212377321
0.9847319278346618 0.9647638212377322
0.9863939238321437 0.9561828874675149
0.9847319278346618 0.9647638212377322
0.9847319278346618 0.9647638212377321
0.9219544457292885 0.9383148632568366
0.9847319278346618 0.9647638212377322
0.9863939238321437 0.9561828874675149
0.9863939238321437 0.9561828874675149
0.9847319278346618 0.9647638212377322
0.9847319278346618 0.9647638212377321
0.9636241116594315 0.9639926182060736
0.9847319278346618 0.9647638212377322
0.9847319278346618 0.9647638212377322
0.960768922830523 1.0
0.9847319278346618 0.9647638212377321
0.9653072991634227 0.9130293178267977
0.9863939238321437 0.9561828874675149
0.9847319278346618 0.9647638212377322
0.9847319278346618 0.9647638212377323
0.9847319278346618 0.9647638212377321
0.9636241116594315 0.9639926182060736
0.9354143466934854 0.8990543937641334
0.9847319278346618 0.9647638212377323
0.9847319278346618 0.9647638212377321
0.9847319278346618 0.9647638212377321
0.9847319278346618 0.9647638212377321
0.9636241116594315 0.9639926182060736
0.9847319278346618 0.9647638212377322
0.9847319278346618 0.9647638212377322
0.9847319278346618 0.9647638212377321
0.9219544457292885 0.9383148632568366
0.9847319278346618 0.9647638212377322
0.9847319278346618 0.9647638212377323
0.9847319278346618 0.9647638212377321
0.9863939238321437 0.9561828874675149
0.9653072991634227 0.9130293178267977
0.9636241116594315 0.9639926182060736
0.9847319278346618 0.9647638212377322
0.9863939238321437 0.9561828874675149
0.9636241116594315 0.9639926182060736
0.9847319278346618 0.9647638212377322
0.9863939238321437 0.9561828874675149
0.9847319278346618 0.9647638212377322
0.9847319278346618 0.9647638212377322
0.9847319278346618 0.9647638212377322
0.9847319278346618 0.9647638212377323
0.9847319278346618 0.9647638212377322
0.7559289460184544 0.8571428571428573
0.9847319278346618 0.9647638212377322
0.9847319278346618 0.9647638212377322
0.9847319278346618 0.9647638212377323
0.9636241116594315 0.9639926182060736
0.9574271077563381 0.94638175660283
0.9847319278346618 0.9647638212377322
0.9219544457292885 0.9383148632568366
0.9847319278346618 0.9647638212377321
0.9258200997725515 0.9009739556258517
0.9847319278346618 0.9647638212377322
0.9847319278346618 0.9647638212377323
0.9847319278346618 0.9647638212377322
0.7721099961494129 0.8892102808271164
0.9847319278346618 0.9647638212377322
0.9863939238321437 0.9561828874675149
0.9863939238321437 0.9561828874675149
0.960768922830523 1.0
0.9219544457292885 0.9383148632568366
0.9847319278346618 0.9647638212377322
0.9847319278346618 0.9647638212377321
0.9847319278346618 0.9647638212377323
0.9607689228305227 0.9683296637314885
0.9847319278346618 0.9647638212377321
0.9219544457292885 0.9383148632568368
0.9847319278346618 0.9647638212377321
0.9847319278346618 0.9647638212377321
0.9847319278346618 0.9647638212377321
0.9847319278346618 0.9647638212377323
0.9847319278346618 0.9647638212377321
0.9636241116594315 0.9639926182060736
0.9847319278346618 0.9647638212377321
0.9847319278346618 0.9647638212377322
0.9636241116594315 0.9639926182060736
0.9847319278346618 0.9647638212377322
0.9636241116594315 0.9639926182060736
0.7559289460184544 0.8571428571428573
0.9636241116594315 0.9639926182060736
0.9847319278346618 0.9647638212377321
0.9847319278346618 0.9647638212377321
0.9847319278346618 0.9647638212377322
0.9847319278346618 0.9647638212377321
0.9847319278346618 0.9647638212377322
0.9847319278346618 0.9647638212377322
0.9847319278346618 0.9647638212377323
0.9414688716912718 0.955335892064496
0.9863939238321437 0.9561828874675149
0.9847319278346618 0.9647638212377322
0.9863939238321437 0.9561828874675149
0.9888264649460883 0.9262521672071252
0.9847319278346618 0.9647638212377321
0.9219544457292885 0.9383148632568368
0.9847319278346618 0.9647638212377323
0.9847319278346618 0.9647638212377321
0.9847319278346618 0.9647638212377322
0.9847319278346618 0.9647638212377322
0.9847319278346618 0.9647638212377323
0.9847319278346618 0.9647638212377321
0.7559289460184544 0.8571428571428573
0.9847319278346618 0.9647638212377322
0.9219544457292885 0.9383148632568368
0.9607689228305227 0.9683296637314885
0.9219544457292885 0.9383148632568368
0.9847319278346618 0.9647638212377321
0.9847319278346618 0.9647638212377322
0.9847319278346618 0.9647638212377321
0.9847319278346618 0.9647638212377323
0.9636241116594315 0.9639926182060736
0.9847319278346618 0.9647638212377322
0.9847319278346618 0.9647638212377322
0.9847319278346618 0.9647638212377322
0.9636241116594315 0.9639926182060736
0.9847319278346618 0.9647638212377321
0.9219544457292885 0.9383148632568368
0.9847319278346618 0.9647638212377322
0.9219544457292885 0.9383148632568366
0.9636241116594315 0.9639926182060736
0.9847319278346618 0.9647638212377322
0.9847319278346618 0.9647638212377322
0.9847319278346618 0.9647638212377321
0.9847319278346618 0.9647638212377322
0.9847319278346618 0.9647638212377322
0.9636241116594315 0.9639926182060736
0.9847319278346618 0.9647638212377322
0.9847319278346618 0.9647638212377321
0.9863939238321437 0.9561828874675149
0.9847319278346618 0.9647638212377322
0.9636241116594315 0.9639926182060736
0.9847319278346618 0.9647638212377321
0.9653072991634227 0.9130293178267977
0.9847319278346618 0.9647638212377322
0.9847319278346618 0.9647638212377321
0.9847319278346618 0.9647638212377323
0.9847319278346618 0.9647638212377321
0.9219544457292885 0.9383148632568368
0.9636241116594315 0.9639926182060736
0.9863939238321437 0.9561828874675149
0.9847319278346618 0.9647638212377321
0.9847319278346618 0.9647638212377322
0.9847319278346618 0.9647638212377321
0.9847319278346618 0.9647638212377321
0.9607689228305227 0.9683296637314885
0.9888264649460883 0.9262521672071252
0.9219544457292885 0.9383148632568366
0.9219544457292885 0.9383148632568366
0.9607689228305227 0.9683296637314885
0.9847319278346618 0.9647638212377321
0.9847319278346618 0.9647638212377323
0.9847319278346618 0.9647638212377322
0.9428090415820635 1.0
0.9847319278346618 0.9647638212377322
0.9847319278346618 0.9647638212377323
0.9847319278346618 0.9647638212377322
0.9847319278346618 0.9647638212377322
0.9428090415820635 1.0
0.9847319278346618 0.9647638212377322
0.9847319278346618 0.9647638212377321
0.9863939238321437 0.9561828874675149
0.9847319278346618 0.9647638212377323
0.9636241116594315 0.9639926182060736
0.9847319278346618 0.9647638212377322
0.9863939238321437 0.9561828874675149
0.9847319278346618 0.9647638212377321
0.9863939238321437 0.9561828874675149
0.9847319278346618 0.9647638212377321
0.9847319278346618 0.9647638212377321
0.9863939238321437 0.9561828874675149
0.9847319278346618 0.9647638212377321
0.9847319278346618 0.9647638212377322
0.9847319278346618 0.9647638212377322
0.9888264649460883 0.9262521672071252
0.9607689228305227 0.9683296637314885
0.9847319278346618 0.9647638212377322
0.9847319278346618 0.9647638212377322
0.9847319278346618 0.9647638212377321
0.9847319278346618 0.9647638212377321
0.9847319278346618 0.9647638212377321
0.9863939238321437 0.9561828874675149
0.9847319278346618 0.9647638212377321
0.9847319278346618 0.9647638212377323
0.9653072991634227 0.9130293178267977
0.9636241116594315 0.9639926182060736
0.9847319278346618 0.9647638212377321
0.9847319278346618 0.9647638212377321
0.9847319278346618 0.9647638212377323
0.960768922830523 1.0
0.960768922830523 1.0
0.9847319278346618 0.9647638212377321
0.9847319278346618 0.9647638212377322
0.9847319278346618 0.9647638212377322
0.9847319278346618 0.9647638212377321
0.9219544457292885 0.9383148632568368
0.9847319278346618 0.9647638212377323
0.9219544457292885 0.9383148632568368
0.9219544457292885 0.9383148632568368
0.9636241116594315 0.9639926182060736
0.9847319278346618 0.9647638212377321
0.9847319278346618 0.9647638212377321
0.9847319278346618 0.9647638212377321
0.9863939238321437 0.9561828874675149
0.9847319278346618 0.9647638212377322
0.9847319278346618 0.9647638212377321
0.9847319278346618 0.9647638212377321
0.9847319278346618 0.9647638212377321
0.9219544457292885 0.9383148632568368
0.9847319278346618 0.9647638212377322
0.9847319278346618 0.9647638212377321
0.9636241116594315 0.9639926182060736
0.9847319278346618 0.9647638212377321
0.9847319278346618 0.9647638212377321
0.9847319278346618 0.9647638212377321
0.9847319278346618 0.9647638212377321
0.9847319278346618 0.9647638212377321
0.9847319278346618 0.9647638212377322
0.9636241116594315 0.9639926182060736
0.9863939238321437 0.9561828874675149
0.9847319278346618 0.9647638212377322
0.9847319278346618 0.9647638212377323
0.9847319278346618 0.9647638212377321
0.9847319278346618 0.9647638212377321
0.9847319278346618 0.9647638212377322
0.9847319278346618 0.9647638212377322
0.9574271077563381 0.9134801190523371
0.9847319278346618 0.9647638212377322
0.9847319278346618 0.9647638212377321
0.9636241116594315 0.9639926182060736
0.9847319278346618 0.9647638212377321
0.9653072991634227 0.9130293178267977
0.9847319278346618 0.9647638212377321
0.9847319278346618 0.9647638212377321
0.9847319278346618 0.9647638212377321
0.9888264649460883 0.9262521672071252
0.9847319278346618 0.9647638212377321
0.9863939238321437 0.9561828874675149
0.9863939238321437 0.9561828874675149
0.9636241116594315 0.9639926182060736
0.9636241116594315 0.9639926182060736
0.9219544457292885 0.9383148632568368
0.9847319278346618 0.9647638212377321
0.9847319278346618 0.9647638212377322
0.9847319278346618 0.9647638212377321
0.9847319278346618 0.9647638212377321
0.9863939238321437 0.9561828874675149
0.9847319278346618 0.9647638212377322
0.9607689228305227 0.9683296637314885
0.9847319278346618 0.9647638212377322
0.9574271077563381 0.94638175660283
0.9847319278346618 0.9647638212377321
0.9847319278346618 0.9647638212377322
0.9847319278346618 0.9647638212377321
0.9847319278346618 0.9647638212377322
0.9847319278346618 0.9647638212377321
0.9847319278346618 0.9647638212377321
0.9847319278346618 0.9647638212377321
0.9636241116594315 0.9639926182060736
0.9636241116594315 0.9639926182060736
0.9863939238321437 0.9561828874675149
0.9847319278346618 0.9647638212377322
0.9636241116594315 0.9639926182060736
0.9847319278346618 0.9647638212377321
0.9863939238321437 0.9561828874675149
0.9847319278346618 0.9647638212377321
0.9863939238321437 0.9561828874675149
0.7721099961494129 0.8892102808271164
0.9863939238321437 0.9561828874675149
0.9847319278346618 0.9647638212377322
0.9847319278346618 0.9647638212377323
0.9847319278346618 0.9647638212377321
0.9863939238321437 0.9561828874675149
0.9863939238321437 0.9561828874675149
0.9607689228305227 0.9683296637314885
0.9863939238321437 0.9561828874675149
0.9636241116594315 0.9639926182060736
0.9847319278346618 0.9647638212377321
0.9847319278346618 0.9647638212377321
0.9847319278346618 0.9647638212377321
0.9847319278346618 0.9647638212377323
0.9607689228305227 0.9683296637314885
0.9847319278346618 0.9647638212377322
0.9847319278346618 0.9647638212377322
0.9847319278346618 0.9647638212377321
0.8819171036881969 0.9009661713564618
0.9219544457292885 0.9383148632568366
0.9258200997725515 0.9332519168290198
0.9574271077563381 0.94638175660283
0.9847319278346618 0.9647638212377322
0.9847319278346618 0.9647638212377321
0.9863939238321437 0.9561828874675149
0.9847319278346618 0.9647638212377323
0.9847319278346618 0.9647638212377322
0.9863939238321437 0.9561828874675149
0.9999999999999999 0.9647638212377322
0.9847319278346618 0.9647638212377321
0.9847319278346618 0.9647638212377321
0.9847319278346618 0.9647638212377321
0.9847319278346618 0.9647638212377322
0.9636241116594315 0.9639926182060736
0.9863939238321437 0.9561828874675149
0.9847319278346618 0.9647638212377322
0.9847319278346618 0.9647638212377321
0.9219544457292885 0.9383148632568368
0.9653072991634227 0.9130293178267977
0.9636241116594315 0.9639926182060736
0.9847319278346618 0.9647638212377321
0.9847319278346618 0.9647638212377322
0.9636241116594315 0.9639926182060736
0.9847319278346618 0.9647638212377321
0.9863939238321437 0.9561828874675149
0.9636241116594315 0.9639926182060736
0.9847319278346618 0.9647638212377321
0.9847319278346618 0.9647638212377323
0.9219544457292885 0.9383148632568368
0.9636241116594315 0.9639926182060736
0.9847319278346618 0.9647638212377321
0.8435273922869735 0.897906324709708
0.9847319278346618 0.9647638212377322
0.9847319278346618 0.9647638212377322
0.9847319278346618 0.9647638212377322
0.9847319278346618 0.9647638212377323
0.9847319278346618 0.9647638212377321
0.9847319278346618 0.9647638212377321
0.9847319278346618 0.9647638212377321
0.9847319278346618 0.9647638212377322
0.9847319278346618 0.9647638212377322
0.9653072991634227 0.9130293178267977
0.9847319278346618 0.9647638212377321
0.9847319278346618 0.9647638212377321
0.9219544457292885 0.9383148632568368
0.9847319278346618 0.9647638212377322
0.9847319278346618 0.9647638212377322
0.9847319278346618 0.9647638212377322
0.9847319278346618 0.9647638212377322
0.9847319278346618 0.9647638212377322
0.9847319278346618 0.9647638212377321
0.9847319278346618 0.9647638212377321
0.9847319278346618 0.9647638212377321
0.9847319278346618 0.9647638212377322
0.9847319278346618 0.9647638212377321
0.9847319278346618 0.9647638212377321
0.9219544457292885 0.9383148632568366
0.9636241116594315 0.9639926182060736
0.9847319278346618 0.9647638212377321
0.9847319278346618 0.9647638212377323
0.9847319278346618 0.9647638212377322
0.9847319278346618 0.9647638212377321
0.9847319278346618 0.9647638212377322
0.9847319278346618 0.9647638212377322
0.9863939238321437 0.9561828874675149
0.9847319278346618 0.9647638212377322
0.9999999999999999 0.9647638212377322
0.9847319278346618 0.9647638212377321
0.9847319278346618 0.9647638212377322
0.9847319278346618 0.9647638212377322
0.9847319278346618 0.9647638212377321
0.9847319278346618 0.9647638212377321
0.9653072991634227 0.9130293178267977
0.9847319278346618 0.9647638212377322
0.9847319278346618 0.9647638212377321
0.9847319278346618 0.9647638212377322
0.9847319278346618 0.9647638212377323
0.9653072991634227 0.9130293178267977
0.9847319278346618 0.9647638212377322
0.9636241116594315 0.9639926182060736
0.9847319278346618 0.9647638212377321
0.9847319278346618 0.9647638212377322
0.9847319278346618 0.9647638212377322
0.9863939238321437 0.9561828874675149
0.9636241116594315 0.9639926182060736
0.9847319278346618 0.9647638212377322
0.9847319278346618 0.9647638212377322
0.9847319278346618 0.9647638212377322
0.9847319278346618 0.9647638212377322
0.9847319278346618 0.9647638212377322
0.9847319278346618 0.9647638212377322
0.9847319278346618 0.9647638212377322
0.9847319278346618 0.9647638212377322
0.9999999999999999 0.9647638212377322
0.960768922830523 1.0000000000000002
0.9847319278346618 0.9647638212377321
0.9847319278346618 0.9647638212377321
0.9847319278346618 0.9647638212377322
0.9847319278346618 0.9647638212377322
0.9847319278346618 0.9647638212377321
0.9847319278346618 0.9647638212377322
0.9847319278346618 0.9647638212377322
0.9847319278346618 0.9647638212377323
0.7721099961494129 0.8834146213413768
0.9847319278346618 0.9647638212377323
0.9847319278346618 0.9647638212377323
0.9847319278346618 0.9647638212377323
0.9219544457292885 0.9383148632568366
0.9428090415820635 1.0
0.9847319278346618 0.9647638212377322
0.9847319278346618 0.9647638212377322
0.9847319278346618 0.9647638212377321
0.9636241116594315 0.9639926182060736
0.9847319278346618 0.9647638212377321
0.9607689228305227 0.9683296637314885
0.9847319278346618 0.9647638212377321
0.9847319278346618 0.9647638212377322
0.9219544457292885 0.9383148632568368
0.7721099961494129 0.8892102808271164
0.9847319278346618 0.9647638212377322
0.960768922830523 1.0
0.9636241116594315 0.9639926182060736
0.9847319278346618 0.9647638212377322
0.9636241116594315 0.9639926182060736
0.9428090415820635 1.0000000000000002
0.9888264649460883 0.9262521672071252
0.9219544457292885 0.9383148632568368
0.9847319278346618 0.9647638212377321
0.9847319278346618 0.9647638212377322
0.9847319278346618 0.9647638212377322
0.9847319278346618 0.9647638212377321
0.9847319278346618 0.9647638212377323
0.9847319278346618 0.9647638212377321
0.9636241116594315 0.9639926182060736
0.9863939238321437 0.9561828874675149
0.9847319278346618 0.9647638212377321
0.9428090415820635 1.0
0.9847319278346618 0.9647638212377323
0.9847319278346618 0.9647638212377322
0.9888264649460883 0.9262521672071252
0.9219544457292885 0.9383148632568368
0.9636241116594315 0.9639926182060736
0.9847319278346618 0.9647638212377321
0.9428090415820635 1.0000000000000002
0.9847319278346618 0.9647638212377322
0.9863939238321437 0.9561828874675149
0.9847319278346618 0.9647638212377322
0.9847319278346618 0.9647638212377321
0.9847319278346618 0.9647638212377321
0.9847319278346618 0.9647638212377321
0.9847319278346618 0.9647638212377323
0.9847319278346618 0.9647638212377321
0.9847319278346618 0.9647638212377322
0.9847319278346618 0.9647638212377321
0.9636241116594315 0.9639926182060736
0.960768922830523 1.0
0.9847319278346618 0.9647638212377322
0.9847319278346618 0.9647638212377321
0.9847319278346618 0.9647638212377321
0.9653072991634227 0.9130293178267977
0.7721099961494129 0.8834146213413768
0.9847319278346618 0.9647638212377322
0.9847319278346618 0.9647638212377321
0.9219544457292885 0.9383148632568368
0.9847319278346618 0.9647638212377321
0.9847319278346618 0.9647638212377321
0.9847319278346618 0.9647638212377322
0.9847319278346618 0.9647638212377321
0.9574271077563381 0.9134801190523371
0.9636241116594315 0.9639926182060736
0.9414688716912718 0.955335892064496
0.9847319278346618 0.9647638212377322
0.9863939238321437 0.9561828874675149
0.9847319278346618 0.9647638212377321
0.9847319278346618 0.9647638212377321
0.9847319278346618 0.9647638212377322
0.9847319278346618 0.9647638212377322
0.9847319278346618 0.9647638212377321
0.9847319278346618 0.9647638212377321
0.9863939238321437 0.9561828874675149
0.9847319278346618 0.9647638212377321
0.9847319278346618 0.9647638212377322
0.9847319278346618 0.9647638212377323
0.9636241116594315 0.9639926182060736
0.9847319278346618 0.9647638212377322
0.9847319278346618 0.9647638212377323
0.9219544457292885 0.9383148632568368
0.9847319278346618 0.9647638212377321
0.9863939238321437 0.9561828874675149
0.9847319278346618 0.9647638212377322
0.9847319278346618 0.9647638212377321
0.9847319278346618 0.9647638212377322
0.9847319278346618 0.9647638212377322
0.9847319278346618 0.9647638212377321
0.9636241116594315 0.9639926182060736
0.9847319278346618 0.9647638212377321
0.9219544457292885 0.9383148632568368
0.9847319278346618 0.9647638212377321
0.9863939238321437 0.9561828874675149
0.9847319278346618 0.9647638212377323
0.9847319278346618 0.9647638212377321
0.9847319278346618 0.9647638212377322
0.9847319278346618 0.9647638212377322
0.9847319278346618 0.9647638212377322
0.9847319278346618 0.9647638212377321
0.9863939238321437 0.9561828874675149
0.9847319278346618 0.9647638212377321
0.9636241116594315 0.9639926182060736
0.9847319278346618 0.9647638212377321
0.9636241116594315 0.9639926182060736
0.9888264649460883 0.9262521672071252
0.9847319278346618 0.9647638212377322
0.9888264649460883 0.9262521672071252
0.9219544457292885 0.9383148632568368
0.9219544457292885 0.9383148632568368
0.9847319278346618 0.9647638212377323
0.9847319278346618 0.9647638212377322
0.9847319278346618 0.9647638212377321
0.9847319278346618 0.9647638212377322
0.9636241116594315 0.9639926182060736
0.9847319278346618 0.9647638212377321
0.9863939238321437 0.9561828874675149
0.9219544457292885 0.9383148632568366
0.9847319278346618 0.9647638212377321
0.9863939238321437 0.9561828874675149
0.9847319278346618 0.9647638212377321
0.9847319278346618 0.9647638212377321
0.9219544457292885 0.9383148632568368
0.9863939238321437 0.9561828874675149
0.9847319278346618 0.9647638212377322
0.9847319278346618 0.9647638212377323
0.9847319278346618 0.9647638212377322
0.9847319278346618 0.9647638212377321
0.9847319278346618 0.9647638212377322
0.9847319278346618 0.9647638212377323
0.9847319278346618 0.9647638212377323
0.9653072991634227 0.9130293178267977
0.9847319278346618 0.9647638212377321
0.9847319278346618 0.9647638212377321
0.9847319278346618 0.9647638212377322
0.9847319278346618 0.9647638212377322
0.9847319278346618 0.9647638212377321
0.9847319278346618 0.9647638212377323
0.9636241116594315 0.9639926182060736
0.9847319278346618 0.9647638212377322
0.9219544457292885 0.9383148632568366
0.9847319278346618 0.9647638212377322
0.9847319278346618 0.9647638212377321
0.9847319278346618 0.9647638212377323
0.9847319278346618 0.9647638212377322
0.9847319278346618 0.9647638212377322
0.9847319278346618 0.9647638212377321
0.9847319278346618 0.9647638212377323
0.9847319278346618 0.9647638212377321
0.9847319278346618 0.9647638212377321
0.9847319278346618 0.9647638212377321
0.9219544457292885 0.9383148632568366
0.9219544457292885 0.9383148632568366
0.9211323729436764 1.0
0.9219544457292885 0.9383148632568366
0.9653072991634227 0.9130293178267977
0.9847319278346618 0.9647638212377321
0.9863939238321437 0.9561828874675149
0.9607689228305227 0.9683296637314885
0.9607689228305227 0.9683296637314885
0.9636241116594315 0.9639926182060736
0.9219544457292885 0.9383148632568366
0.9847319278346618 0.9647638212377321
0.9636241116594315 0.9639926182060736
0.8819171036881969 0.9009661713564618
0.9847319278346618 0.9647638212377323
0.9847319278346618 0.9647638212377322
0.9847319278346618 0.9647638212377323
0.9847319278346618 0.9647638212377322
0.8819171036881969 0.9009661713564618
0.9847319278346618 0.9647638212377321
0.9636241116594315 0.9639926182060736
0.9847319278346618 0.9647638212377322
0.9636241116594315 0.9639926182060736
0.9847319278346618 0.9647638212377321
0.9847319278346618 0.9647638212377321
0.9847319278346618 0.9647638212377322
0.9847319278346618 0.9647638212377321
0.9847319278346618 0.9647638212377321
0.9847319278346618 0.9647638212377321
0.9888264649460883 0.9262521672071252
0.9847319278346618 0.9647638212377323
0.9847319278346618 0.9647638212377322
0.9847319278346618 0.9647638212377322
0.9847319278346618 0.9647638212377321
0.9847319278346618 0.9647638212377321
0.9847319278346618 0.9647638212377321
0.9847319278346618 0.9647638212377322
0.9847319278346618 0.9647638212377322
0.9847319278346618 0.9647638212377322
0.9847319278346618 0.9647638212377321
0.9888264649460883 0.9262521672071252
0.9847319278346618 0.9647638212377321
0.9847319278346618 0.9647638212377321
0.9847319278346618 0.9647638212377321
0.9219544457292885 0.9383148632568366
0.9847319278346618 0.9647638212377321
0.9847319278346618 0.9647638212377323
0.9847319278346618 0.9647638212377322
0.9847319278346618 0.9647638212377321
0.9636241116594315 0.9639926182060736
0.9847319278346618 0.9647638212377321
0.9400643223910576 0.9345507010964664
0.9847319278346618 0.9647638212377323
0.9219544457292885 0.9383148632568368
0.960768922830523 1.0
0.9847319278346618 0.9647638212377321
0.9847319278346618 0.9647638212377322
0.9888264649460883 0.9262521672071252
0.8819171036881969 0.900966171356462
0.9847319278346618 0.9647638212377321
0.9847319278346618 0.9647638212377322
0.9847319278346618 0.9647638212377321
0.9847319278346618 0.9647638212377322
0.9607689228305227 0.9683296637314885
0.9847319278346618 0.9647638212377321
0.9847319278346618 0.9647638212377321
0.9636241116594315 0.9639926182060736
0.9636241116594315 0.9639926182060736
0.9847319278346618 0.9647638212377322
0.9847319278346618 0.9647638212377322
0.9847319278346618 0.9647638212377322
0.9847319278346618 0.9647638212377322
0.9847319278346618 0.9647638212377322
0.9863939238321437 0.9561828874675149
0.9847319278346618 0.9647638212377322
0.9847319278346618 0.9647638212377321
0.9847319278346618 0.9647638212377322
0.9847319278346618 0.9647638212377321
0.9847319278346618 0.9647638212377323
0.9847319278346618 0.9647638212377322
0.9636241116594315 0.9639926182060736
0.9847319278346618 0.9647638212377322
0.9607689228305227 0.9683296637314885
0.9847319278346618 0.9647638212377322
0.7721099961494129 0.8892102808271164
0.9847319278346618 0.9647638212377321
0.9847319278346618 0.9647638212377323
0.9653072991634227 0.9130293178267977
0.9847319278346618 0.9647638212377323
0.9847319278346618 0.9647638212377322
0.9863939238321437 0.9561828874675149
0.9847319278346618 0.9647638212377322
0.9847319278346618 0.9647638212377323
0.9847319278346618 0.9647638212377321
0.9847319278346618 0.9647638212377322
0.9847319278346618 0.9647638212377323
0.9847319278346618 0.9647638212377323
0.9847319278346618 0.9647638212377323
0.9847319278346618 0.9647638212377321
0.9847319278346618 0.9647638212377322
0.9847319278346618 0.9647638212377321
0.9863939238321437 0.9561828874675149
0.9847319278346618 0.9647638212377323
0.960768922830523 1.0
0.960768922830523 1.0
0.9847319278346618 0.9647638212377323
0.9653072991634227 0.9130293178267977
0.9636241116594315 0.9639926182060736
0.9636241116594315 0.9639926182060736
0.9847319278346618 0.9647638212377322
0.9636241116594315 0.9639926182060736
0.9847319278346618 0.9647638212377323
0.9309493362512627 0.9152906878202336
0.9636241116594315 0.9639926182060736
0.9847319278346618 0.9647638212377322
0.9847319278346618 0.9647638212377322
0.9863939238321437 0.9561828874675149
0.9636241116594315 0.9639926182060736
0.9847319278346618 0.9647638212377322
0.9219544457292885 0.9383148632568366
0.8819171036881969 0.9009661713564618
0.9219544457292885 0.9383148632568368
0.9219544457292885 0.9383148632568366
0.9219544457292885 0.9383148632568366
0.9847319278346618 0.9647638212377322
0.9847319278346618 0.9647638212377323
0.9847319278346618 0.9647638212377321
0.9847319278346618 0.9647638212377321
0.9863939238321437 0.9561828874675149
0.9847319278346618 0.9647638212377321
0.9847319278346618 0.9647638212377321
0.9863939238321437 0.9561828874675149
0.9847319278346618 0.9647638212377322
0.9847319278346618 0.9647638212377322
0.9847319278346618 0.9647638212377322
0.9847319278346618 0.9647638212377322
0.8401680504168059 0.8694624079243812
0.9847319278346618 0.9647638212377322
0.9847319278346618 0.9647638212377321
0.9847319278346618 0.9647638212377321
0.9847319278346618 0.9647638212377321
0.9847319278346618 0.9647638212377322
0.9636241116594315 0.9639926182060736
0.9847319278346618 0.9647638212377322
0.9636241116594315 0.9639926182060736
0.9847319278346618 0.9647638212377321
0.9847319278346618 0.9647638212377322
0.9847319278346618 0.9647638212377321
0.9863939238321437 0.9561828874675149
0.9863939238321437 0.9561828874675149
0.9653072991634227 0.9130293178267977
0.9847319278346618 0.9647638212377321
0.9847319278346618 0.9647638212377322
0.9847319278346618 0.9647638212377323
0.9847319278346618 0.9647638212377322
0.9847319278346618 0.9647638212377323
0.9847319278346618 0.9647638212377321
0.9847319278346618 0.9647638212377321
0.9636241116594315 0.9639926182060736
0.9847319278346618 0.9647638212377321
0.9847319278346618 0.9647638212377321
0.9636241116594315 0.9639926182060736
0.9847319278346618 0.9647638212377321
0.9847319278346618 0.9647638212377321
0.9847319278346618 0.9647638212377322
0.9847319278346618 0.9647638212377322
0.9219544457292885 0.9383148632568368
0.9863939238321437 0.9561828874675149
0.9847319278346618 0.9647638212377321
0.9847319278346618 0.9647638212377323
0.9847319278346618 0.9647638212377322
0.9847319278346618 0.9647638212377321
0.9636241116594315 0.9639926182060736
0.9653072991634227 0.9130293178267977
0.9847319278346618 0.9647638212377321
0.9847319278346618 0.9647638212377321
0.9847319278346618 0.9647638212377321
0.7721099961494129 0.8892102808271164
0.9863939238321437 0.9561828874675149
0.9847319278346618 0.9647638212377323
0.9847319278346618 0.9647638212377323
0.9847319278346618 0.9647638212377323
0.9847319278346618 0.9647638212377321
0.9847319278346618 0.9647638212377322
0.9847319278346618 0.9647638212377322
0.9219544457292885 0.9383148632568366
0.9847319278346618 0.9647638212377321
0.9847319278346618 0.9647638212377321
0.9847319278346618 0.9647638212377321
0.9847319278346618 0.9647638212377321
0.9847319278346618 0.9647638212377322
0.9636241116594315 0.9639926182060736
0.9847319278346618 0.9647638212377322
0.9847319278346618 0.9647638212377322
0.9847319278346618 0.9647638212377322
0.9847319278346618 0.9647638212377321
0.9847319278346618 0.9647638212377321
0.9847319278346618 0.9647638212377321
0.9574271077563381 0.94638175660283
0.9847319278346618 0.9647638212377321
0.960768922830523 1.0
0.9847319278346618 0.9647638212377321
0.9847319278346618 0.9647638212377322
0.9888264649460883 0.9262521672071252
0.9847319278346618 0.9647638212377321
0.9219544457292885 0.9383148632568368
0.9847319278346618 0.9647638212377323
0.9636241116594315 0.9639926182060736
0.9219544457292885 0.9383148632568368
0.9636241116594315 0.9639926182060736
0.9847319278346618 0.9647638212377322
0.9847319278346618 0.9647638212377321
0.9847319278346618 0.9647638212377322
0.9258200997725515 0.9332519168290198
0.9847319278346618 0.9647638212377321
0.9847319278346618 0.9647638212377321
0.9847319278346618 0.9647638212377323
0.9847319278346618 0.9647638212377323
0.9863939238321437 0.9561828874675149
0.9847319278346618 0.9647638212377323
0.9636241116594315 0.9639926182060736
0.9847319278346618 0.9647638212377323
0.9636241116594315 0.9639926182060736
0.9863939238321437 0.9561828874675149
0.9847319278346618 0.9647638212377321
0.9219544457292885 0.9383148632568366
0.9847319278346618 0.9647638212377323
0.9847319278346618 0.9647638212377322
0.960768922830523 1.0
0.9847319278346618 0.9647638212377321
0.9636241116594315 0.9639926182060736
0.9847319278346618 0.9647638212377323
0.9863939238321437 0.9561828874675149
0.9999999999999999 0.9647638212377322
0.9847319278346618 0.9647638212377321
0.9847319278346618 0.9647638212377323
0.9847319278346618 0.9647638212377322
0.9847319278346618 0.9647638212377322
0.9607689228305227 0.9683296637314885
0.9847319278346618 0.9647638212377321
0.9847319278346618 0.9647638212377321
0.9653072991634227 0.9130293178267977
0.9636241116594315 0.9639926182060736
0.9847319278346618 0.9647638212377322
0.7721099961494129 0.8892102808271164
0.9847319278346618 0.9647638212377321
0.9607689228305227 0.9683296637314885
0.9847319278346618 0.9647638212377322
0.9863939238321437 0.9561828874675149
0.9847319278346618 0.9647638212377321
0.9636241116594315 0.9639926182060736
0.9847319278346618 0.9647638212377322
0.9847319278346618 0.9647638212377321
0.9636241116594315 0.9639926182060736
0.9847319278346618 0.9647638212377322
0.9847319278346618 0.9647638212377322
0.9847319278346618 0.9647638212377322
0.9847319278346618 0.9647638212377322
0.9847319278346618 0.9647638212377322
0.9863939238321437 0.9561828874675149
0.9847319278346618 0.9647638212377321
0.9847319278346618 0.9647638212377321
0.9847319278346618 0.9647638212377321
0.9847319278346618 0.9647638212377322
0.9847319278346618 0.9647638212377322
0.9847319278346618 0.9647638212377322
0.9847319278346618 0.9647638212377321
0.9847319278346618 0.9647638212377323
